0.276037 0.276037
0.558978 0.835015
0.269356 1.104371
0.084861 1.189232
0.027381 1.216613
0.104020 1.320633
0.129268 1.449901
0.262896 1.712797
0.047689 1.760486
0.186843 1.947329
0.093697 2.041026
0.184176 2.225202
0.119820 2.345022
0.047830 2.392852
0.040499 2.433351
0.045692 2.479043
0.059098 2.538141
0.024149 2.562290
0.023528 2.585818
0.021541 2.607359
0.024957 2.632316
0.071434 2.703750
0.063052 2.766802
0.050368 2.817170
0.084052 2.901222
0.027641 2.928863
0.061351 2.990214
0.041148 3.031362
0.024611 3.055973
0.047635 3.103608
0.065952 3.169560
0.034387 3.203947
0.092327 3.296274
0.081309 3.377583
0.055858 3.433441
0.094483 3.527924
0.019871 3.547795
0.018572 3.566367
0.046731 3.613098
0.021368 3.634466
0.065223 3.699689
0.021831 3.721520
0.056313 3.777833
0.072012 3.849845
0.051515 3.901360
0.025795 3.927155
0.030808 3.957963
0.031623 3.989586
0.043353 4.032939
0.027679 4.060618
0.038996 4.099614
0.053241 4.152855
0.031580 4.184435
0.073368 4.257803
0.052486 4.310289
0.035579 4.345868
0.021907 4.367775
0.034180 4.401955
0.031287 4.433242
0.045273 4.478515
0.043528 4.522043
0.022322 4.544365
0.016221 4.560586
0.016758 4.577344
0.031686 4.609030
0.052715 4.661745
0.028013 4.689758
0.046764 4.736522
0.019789 4.756311
0.045802 4.802113
0.020931 4.823044
0.020764 4.843808
0.052045 4.895853
0.033852 4.929705
0.038990 4.968695
0.020612 4.989307
0.012393 5.001700
0.032943 5.034643
0.015477 5.050120
0.023102 5.073222
0.013868 5.087090
0.072904 5.159994
0.021849 5.181843
0.040170 5.222013
0.032298 5.254311
0.043479 5.297790
0.027425 5.325215
0.022998 5.348213
0.032559 5.380772
0.019417 5.400189
0.015297 5.415486
0.025426 5.440912
0.018095 5.459007
0.020857 5.479864
0.057572 5.537436
0.034241 5.571677
0.045544 5.617221
0.056528 5.673749
0.029220 5.702969
0.017022 5.719991
0.016642 5.736633
0.025048 5.761681
0.057524 5.819205
0.051977 5.871182
0.035055 5.906237
0.020305 5.926542
0.023310 5.949852
0.031785 5.981637
0.025841 6.007478
0.050014 6.057492
0.019784 6.077276
0.016942 6.094218
0.018582 6.112800
0.022270 6.135070
0.075005 6.210075
0.027896 6.237971
0.023706 6.261677
0.022931 6.284608
0.024821 6.309429
0.026280 6.335709
0.023138 6.358847
0.029543 6.388390
0.014684 6.403074
0.036612 6.439686
0.013488 6.453174
0.022111 6.475285
0.037974 6.513259
0.044660 6.557919
0.074880 6.632799
0.045632 6.678431
0.015650 6.694081
0.018988 6.713069
0.071172 6.784241
0.016661 6.800902
0.023054 6.823956
0.027769 6.851725
0.026421 6.878146
0.068721 6.946867
0.015775 6.962642
0.070784 7.033426
0.054976 7.088402
0.051565 7.139967
0.056158 7.196125
0.036214 7.232339
0.020218 7.252557
0.023185 7.275742
0.042453 7.318195
0.027319 7.345514
0.072168 7.417682
0.023278 7.440960
0.020948 7.461908
0.021877 7.483785
0.033189 7.516974
0.024559 7.541533
0.034811 7.576344
0.102411 7.678755
0.022889 7.701644
0.044940 7.746584
0.017157 7.763741
0.029806 7.793547
0.028792 7.822339
0.044129 7.866468
0.074896 7.941364
0.129186 8.070550
0.046256 8.116806
0.042533 8.159339
0.020179 8.179518
0.027210 8.206728
0.033009 8.239737
0.012729 8.252466
0.030969 8.283435
0.046407 8.329842
0.030883 8.360725
0.019998 8.380723
0.019261 8.399984
0.072673 8.472657
0.038644 8.511301
0.021125 8.532426
0.020308 8.552734
0.044614 8.597348
0.063657 8.661005
0.088595 8.749600
0.028690 8.778290
0.043317 8.821607
0.021790 8.843397
0.032041 8.875438
0.021251 8.896689
0.022600 8.919289
0.033400 8.952689
0.036950 8.989639
0.037421 9.027060
0.026007 9.053067
0.082866 9.135933
0.022352 9.158285
0.018815 9.177100
0.025140 9.202240
0.056450 9.258690
0.022251 9.280941
0.063973 9.344914
0.026198 9.371112
0.036783 9.407895
0.044180 9.452075
0.025861 9.477936
0.035624 9.513560
0.035136 9.548696
0.025068 9.573764
0.051229 9.624993
0.019028 9.644021
0.062970 9.706991
0.017119 9.724110
0.020444 9.744554
0.046434 9.790988
0.020268 9.811256
0.028970 9.840226
0.019760 9.859986
0.023758 9.883744
0.067092 9.950836
0.018108 9.968944
0.038062 10.007006
0.017976 10.024982
0.027257 10.052239
0.041315 10.093554
0.032817 10.126371
0.021508 10.147879
0.032271 10.180150
0.035982 10.216132
0.042095 10.258227
0.018836 10.277063
0.115058 10.392121
0.029947 10.422068
0.042195 10.464263
0.021677 10.485940
0.188470 10.674410
0.035227 10.709637
0.015114 10.724751
0.021621 10.746372
0.045777 10.792149
0.028552 10.820701
0.032109 10.852810
0.062898 10.915708
0.031651 10.947359
0.020585 10.967944
0.034950 11.002894
0.044329 11.047223
0.026320 11.073543
0.053770 11.127313
0.032166 11.159479
0.057963 11.217442
0.019526 11.236968
0.041743 11.278711
0.036867 11.315578
0.018039 11.333617
0.052799 11.386416
0.019306 11.405722
0.099565 11.505287
0.019118 11.524405
0.028215 11.552620
0.021280 11.573900
0.056649 11.630549
0.019925 11.650474
0.039020 11.689494
0.045564 11.735058
0.036539 11.771597
0.055361 11.826958
0.024667 11.851625
0.106309 11.957934
0.043565 12.001499
0.048708 12.050207
0.132352 12.182559
0.024875 12.207434
0.071902 12.279336
0.017075 12.296411
0.042595 12.339006
0.021487 12.360493
0.027935 12.388428
0.050950 12.439378
0.015911 12.455289
0.062685 12.517974
0.044152 12.562126
0.058575 12.620701
0.021655 12.642356
0.048017 12.690373
0.019929 12.710302
0.019617 12.729919
0.077906 12.807825
0.030023 12.837848
0.017385 12.855233
0.020767 12.876000
0.023113 12.899113
0.028943 12.928056
0.026710 12.954766
0.020131 12.974897
0.036060 13.010957
0.064550 13.075507
0.021977 13.097484
0.037894 13.135378
0.029331 13.164709
0.030327 13.195036
0.020296 13.215332
0.090296 13.305628
0.098052 13.403680
0.055841 13.459521
0.093837 13.553358
0.052009 13.605367
0.026883 13.632250
0.098281 13.730531
0.024368 13.754899
0.068618 13.823517
0.042765 13.866282
0.072887 13.939169
0.037074 13.976243
0.023508 13.999751
0.018643 14.018394
0.158924 14.177318
0.047612 14.224930
0.017607 14.242537
0.047028 14.289565
0.066479 14.356044
0.033526 14.389570
0.059633 14.449203
0.046107 14.495310
0.026871 14.522181
0.021621 14.543802
0.016897 14.560699
0.090940 14.651639
0.019678 14.671317
0.032319 14.703636
0.084441 14.788077
0.022722 14.810799
0.020051 14.830850
0.023422 14.854272
0.026522 14.880794
0.026107 14.906901
0.058429 14.965330
0.024693 14.990023
0.020399 15.010422
0.083461 15.093883
0.038515 15.132398
0.059472 15.191870
0.015355 15.207225
0.055114 15.262339
0.022693 15.285032
0.042945 15.327977
0.046225 15.374202
0.059509 15.433711
0.044124 15.477835
0.050626 15.528461
0.021977 15.550438
0.036055 15.586493
0.020773 15.607266
0.122622 15.729888
0.045371 15.775259
0.024794 15.800053
0.037995 15.838048
0.015394 15.853442
0.061227 15.914669
0.020763 15.935432
0.066348 16.001780
0.056628 16.058408
0.050182 16.108590
0.054050 16.162640
0.035989 16.198629
0.026269 16.224898
0.022313 16.247211
0.027475 16.274686
0.072677 16.347363
0.040111 16.387474
0.076058 16.463532
0.096692 16.560224
0.027647 16.587871
0.086423 16.674294
0.022825 16.697119
0.041051 16.738170
0.023181 16.761351
0.049452 16.810803
0.089153 16.899956
0.022512 16.922468
0.024490 16.946958
0.051140 16.998098
0.052448 17.050546
0.026070 17.076616
0.021637 17.098253
0.092667 17.190920
0.075777 17.266697
0.048247 17.314944
0.064036 17.378980
0.022379 17.401359
0.020680 17.422039
0.076475 17.498514
0.022337 17.520851
0.015335 17.536186
0.062426 17.598612
0.029016 17.627628
0.027967 17.655595
0.025163 17.680758
0.044954 17.725712
0.028261 17.753973
0.026892 17.780865
0.088215 17.869080
0.031613 17.900693
0.036411 17.937104
0.053176 17.990280
0.021356 18.011636
0.026739 18.038375
0.025185 18.063560
0.024080 18.087640
0.098691 18.186331
0.041591 18.227922
0.091465 18.319387
0.079353 18.398740
0.062807 18.461547
0.038861 18.500408
0.030409 18.530817
0.058876 18.589693
0.055861 18.645554
0.113431 18.758985
0.025641 18.784626
0.111395 18.896021
0.049080 18.945101
0.049162 18.994263
0.031776 19.026039
0.033646 19.059685
0.030675 19.090360
0.074997 19.165357
0.036459 19.201816
0.297272 19.499088
0.043548 19.542636
0.026893 19.569529
0.022183 19.591712
0.101414 19.693126
0.031868 19.724994
0.022142 19.747136
0.056105 19.803241
0.031588 19.834829
0.032738 19.867567
0.050959 19.918526
0.019911 19.938437
0.075265 20.013702
0.113885 20.127587
0.086034 20.213621
0.096007 20.309628
0.021294 20.330922
0.086613 20.417535
0.019122 20.436657
0.025174 20.461831
0.046014 20.507845
0.027743 20.535588
0.052271 20.587859
0.131763 20.719622
0.066713 20.786335
0.085473 20.871808
0.018697 20.890505
0.026596 20.917101
0.041358 20.958459
0.040222 20.998681
0.061281 21.059962
0.045930 21.105892
0.039459 21.145351
0.021589 21.166940
0.078019 21.244959
0.023810 21.268769
0.052423 21.321192
0.158549 21.479741
0.047807 21.527548
0.023653 21.551201
0.051076 21.602277
0.027199 21.629476
0.062475 21.691951
0.025229 21.717180
0.096863 21.814043
0.065529 21.879572
0.037077 21.916649
0.039000 21.955649
0.024555 21.980204
0.083966 22.064170
0.027904 22.092074
0.035365 22.127439
0.038684 22.166123
0.054309 22.220432
0.027729 22.248161
0.047560 22.295721
0.066952 22.362673
0.034434 22.397107
0.098477 22.495584
0.046278 22.541862
0.028138 22.570000
0.036039 22.606039
0.031917 22.637956
0.056385 22.694341
0.115325 22.809666
0.027413 22.837079
0.025801 22.862880
0.119474 22.982354
0.027815 23.010169
0.057662 23.067831
0.095814 23.163645
0.026687 23.190332
0.099436 23.289768
0.032574 23.322342
0.031922 23.354264
0.073618 23.427882
0.083276 23.511158
0.081927 23.593085
0.069264 23.662349
0.037166 23.699515
0.057460 23.756975
0.032383 23.789358
0.050089 23.839447
0.030549 23.869996
0.056260 23.926256
0.027014 23.953270
0.039535 23.992805
0.065046 24.057851
0.019657 24.077508
0.226027 24.303535
0.040850 24.344385
0.034174 24.378559
0.026786 24.405345
0.038375 24.443720
0.043903 24.487623
0.027185 24.514808
0.035094 24.549902
0.019922 24.569824
0.116757 24.686581
0.035460 24.722041
0.062628 24.784669
0.020354 24.805023
0.076777 24.881800
0.111274 24.993074
0.014973 25.008047
0.092243 25.100290
0.033999 25.134289
0.047150 25.181439
0.018247 25.199686
0.037636 25.237322
0.072028 25.309350
0.021375 25.330725
0.022878 25.353603
0.034146 25.387749
0.089127 25.476876
0.058077 25.534953
0.025563 25.560516
0.030086 25.590602
0.024072 25.614674
0.083737 25.698411
0.032668 25.731079
0.033729 25.764808
0.030988 25.795796
0.039717 25.835513
0.051728 25.887241
0.017697 25.904938
0.016413 25.921351
0.025976 25.947327
0.051029 25.998356
0.027357 26.025713
0.086443 26.112156
0.040967 26.153123
0.059055 26.212178
0.031173 26.243351
0.037883 26.281234
0.062385 26.343619
0.023925 26.367544
0.018629 26.386173
0.022721 26.408894
0.129257 26.538151
0.063260 26.601411
0.113157 26.714568
0.015096 26.729664
0.023750 26.753414
0.080325 26.833739
0.031985 26.865724
0.021556 26.887280
0.015987 26.903267
0.025278 26.928545
0.049252 26.977797
0.035430 27.013227
0.021507 27.034734
0.066356 27.101090
0.034661 27.135751
0.022897 27.158648
0.028975 27.187623
0.022994 27.210617
0.025925 27.236542
0.128587 27.365129
0.025436 27.390565
0.063967 27.454532
0.087173 27.541705
0.021127 27.562832
0.078686 27.641518
0.023060 27.664578
0.033810 27.698388
0.019819 27.718207
0.052006 27.770213
0.020510 27.790723
0.042455 27.833178
0.024700 27.857878
0.014900 27.872778
0.017258 27.890036
0.105048 27.995084
0.123101 28.118185
0.049838 28.168023
0.018011 28.186034
0.020532 28.206566
0.024293 28.230859
0.043004 28.273863
0.036148 28.310011
0.037458 28.347469
0.023236 28.370705
0.016563 28.387268
0.047986 28.435254
0.023299 28.458553
0.026528 28.485081
0.019436 28.504517
0.018709 28.523226
0.019932 28.543158
0.022733 28.565891
0.037198 28.603089
0.018944 28.622033
0.125783 28.747816
0.059421 28.807237
0.023815 28.831052
0.020707 28.851759
0.033040 28.884799
0.033480 28.918279
0.012560 28.930839
0.021882 28.952721
0.120339 29.073060
0.027252 29.100312
0.039629 29.139941
0.015862 29.155803
0.067736 29.223539
0.042935 29.266474
0.035036 29.301510
0.015538 29.317048
0.044977 29.362025
0.032801 29.394826
0.036515 29.431341
0.012866 29.444207
0.016291 29.460498
0.017869 29.478367
0.049604 29.527971
0.050445 29.578416
0.082987 29.661403
0.049479 29.710882
0.050428 29.761310
0.138847 29.900157
0.013910 29.914067
0.067339 29.981406
0.023551 30.004957
0.012149 30.017106
0.047331 30.064437
0.028071 30.092508
0.125064 30.217572
0.024039 30.241611
0.058844 30.300455
0.040181 30.340636
0.018615 30.359251
0.034733 30.393984
0.048760 30.442744
0.017682 30.460426
0.024287 30.484713
0.070656 30.555369
0.081683 30.637052
0.049442 30.686494
0.061661 30.748155
0.062175 30.810330
0.064708 30.875038
0.126769 31.001807
0.027640 31.029447
0.022920 31.052367
0.056071 31.108438
0.033290 31.141728
0.012813 31.154541
0.066994 31.221535
0.134961 31.356496
0.094397 31.450893
0.030741 31.481634
0.054119 31.535753
0.028664 31.564417
0.052155 31.616572
0.065853 31.682425
0.046736 31.729161
0.021250 31.750411
0.024614 31.775025
0.022726 31.797751
0.019485 31.817236
0.017490 31.834726
0.017995 31.852721
0.022034 31.874755
0.053224 31.927979
0.037075 31.965054
0.068758 32.033812
0.038210 32.072022
0.014684 32.086706
0.034110 32.120816
0.043556 32.164372
0.026096 32.190468
0.085028 32.275496
0.032789 32.308285
0.013261 32.321546
0.023134 32.344680
0.033501 32.378181
0.023357 32.401538
0.018004 32.419542
0.020777 32.440319
0.030509 32.470828
0.047484 32.518312
0.032757 32.551069
0.083371 32.634440
0.023507 32.657947
0.036251 32.694198
0.037835 32.732033
0.029400 32.761433
0.099755 32.861188
0.046024 32.907212
0.033800 32.941012
0.057707 32.998719
0.041658 33.040377
0.116795 33.157172
0.073351 33.230523
0.035965 33.266488
0.042725 33.309213
0.027400 33.336613
0.071501 33.408114
0.069514 33.477628
0.154107 33.631735
0.062428 33.694163
0.033809 33.727972
0.033931 33.761903
0.025623 33.787526
0.073017 33.860543
0.018028 33.878571
0.031254 33.909825
0.051505 33.961330
0.031408 33.992738
0.067409 34.060147
0.017856 34.078003
0.013318 34.091321
0.014226 34.105547
0.022671 34.128218
0.023497 34.151715
0.036603 34.188318
0.024193 34.212511
0.030703 34.243214
0.021372 34.264586
0.065792 34.330378
0.063172 34.393550
0.042414 34.435964
0.019621 34.455585
0.025468 34.481053
0.014825 34.495878
0.017972 34.513850
0.082073 34.595923
0.028321 34.624244
0.029927 34.654171
0.082755 34.736926
0.092331 34.829257
0.027715 34.856972
0.017873 34.874845
0.043379 34.918224
0.021724 34.939948
0.030935 34.970883
0.044972 35.015855
0.033412 35.049267
0.033906 35.083173
0.027410 35.110583
0.042811 35.153394
0.030352 35.183746
0.030148 35.213894
0.044467 35.258361
0.040054 35.298415
0.026446 35.324861
0.038137 35.362998
0.019232 35.382230
0.044950 35.427180
0.020165 35.447345
0.054796 35.502141
0.021132 35.523273
0.036881 35.560154
0.082808 35.642962
0.066629 35.709591
0.026347 35.735938
0.028495 35.764433
0.055220 35.819653
0.069087 35.888740
0.036792 35.925532
0.105304 36.030836
0.048925 36.079761
0.052881 36.132642
0.044452 36.177094
0.028309 36.205403
0.037377 36.242780
0.038378 36.281158
0.035392 36.316550
0.072939 36.389489
0.074671 36.464160
0.100372 36.564532
0.014478 36.579010
0.020769 36.599779
0.015335 36.615114
0.054957 36.670071
0.032970 36.703041
0.082855 36.785896
0.058954 36.844850
0.014528 36.859378
0.085232 36.944610
0.041980 36.986590
0.024729 37.011319
0.078390 37.089709
0.038838 37.128547
0.057897 37.186444
0.078183 37.264627
0.095548 37.360175
0.068936 37.429111
0.032366 37.461477
0.042035 37.503512
0.123789 37.627301
0.139956 37.767257
0.077732 37.844989
0.043265 37.888254
0.038222 37.926476
0.032522 37.958998
0.044322 38.003320
0.052763 38.056083
0.065784 38.121867
0.052236 38.174103
0.018867 38.192970
0.050737 38.243707
0.024509 38.268216
0.040998 38.309214
0.024306 38.333520
0.097792 38.431312
0.014659 38.445971
0.054426 38.500397
0.026682 38.527079
0.070452 38.597531
0.027252 38.624783
0.070693 38.695476
0.029517 38.724993
0.028605 38.753598
0.068696 38.822294
0.058617 38.880911
0.117624 38.998535
0.025931 39.024466
0.047245 39.071711
0.026987 39.098698
0.045334 39.144032
0.069264 39.213296
0.140716 39.354012
0.049240 39.403252
0.034451 39.437703
0.059769 39.497472
0.047903 39.545375
0.066589 39.611964
0.070698 39.682662
0.028708 39.711370
0.038789 39.750159
0.022844 39.773003
0.016972 39.789975
0.070656 39.860631
0.032269 39.892900
0.051427 39.944327
0.023018 39.967345
0.048463 40.015808
0.133757 40.149565
0.021502 40.171067
0.062131 40.233198
0.136964 40.370162
0.031281 40.401443
0.047737 40.449180
0.034975 40.484155
0.026662 40.510817
0.014772 40.525589
0.038855 40.564444
0.068457 40.632901
0.109934 40.742835
0.087588 40.830423
0.027575 40.857998
0.042435 40.900433
0.021887 40.922320
0.096659 41.018979
0.040132 41.059111
0.031241 41.090352
0.049917 41.140269
0.015420 41.155689
0.048195 41.203884
0.025099 41.228983
0.033231 41.262214
0.043490 41.305704
0.026075 41.331779
0.029078 41.360857
0.043639 41.404496
0.018345 41.422841
0.048536 41.471377
0.072800 41.544177
0.043926 41.588103
0.024137 41.612240
0.030328 41.642568
0.029317 41.671885
0.047197 41.719082
0.073228 41.792310
0.048343 41.840653
0.058643 41.899296
0.029828 41.929124
0.111186 42.040310
0.103249 42.143559
0.021512 42.165071
0.022439 42.187510
0.055520 42.243030
0.113516 42.356546
0.043159 42.399705
0.069327 42.469032
0.015364 42.484396
0.028381 42.512777
0.102344 42.615121
0.017168 42.632289
0.101793 42.734082
0.043703 42.777785
0.036903 42.814688
0.048845 42.863533
0.035245 42.898778
0.017571 42.916349
0.049190 42.965539
0.038078 43.003617
0.015373 43.018990
0.090521 43.109511
0.068577 43.178088
0.050581 43.228669
0.042096 43.270765
0.035894 43.306659
0.017888 43.324547
0.023417 43.347964
0.024259 43.372223
0.033005 43.405228
0.054459 43.459687
0.036287 43.495974
0.026507 43.522481
0.067816 43.590297
0.020902 43.611199
0.035569 43.646768
0.014995 43.661763
0.071087 43.732850
0.115478 43.848328
0.025553 43.873881
0.042942 43.916823
0.057184 43.974007
0.043142 44.017149
0.025044 44.042193
0.128004 44.170197
0.062032 44.232229
0.019239 44.251468
0.080133 44.331601
0.113541 44.445142
0.028944 44.474086
0.062486 44.536572
0.107814 44.644386
0.149533 44.793919
0.037157 44.831076
0.037093 44.868169
0.050372 44.918541
0.052533 44.971074
0.064243 45.035317
0.086870 45.122187
0.143298 45.265485
0.014809 45.280294
0.098200 45.378494
0.024526 45.403020
0.065027 45.468047
0.030187 45.498234
0.037256 45.535490
0.036581 45.572071
0.028811 45.600882
0.022293 45.623175
0.078531 45.701706
0.036749 45.738455
0.039499 45.777954
0.061975 45.839929
0.021475 45.861404
0.138933 46.000337
0.044030 46.044367
0.022026 46.066393
0.129617 46.196010
0.049055 46.245065
0.032360 46.277425
0.030951 46.308376
0.027575 46.335951
0.064505 46.400456
0.019633 46.420089
0.035272 46.455361
0.040692 46.496053
0.020342 46.516395
0.020430 46.536825
0.085065 46.621890
0.057601 46.679491
0.045976 46.725467
0.118056 46.843523
0.087780 46.931303
0.019895 46.951198
0.023473 46.974671
0.019334 46.994005
0.027238 47.021243
0.028045 47.049288
0.042526 47.091814
0.017424 47.109238
0.015714 47.124952
0.043877 47.168829
0.022629 47.191458
0.078456 47.269914
0.022905 47.292819
0.080714 47.373533
0.034680 47.408213
0.021250 47.429463
0.064741 47.494204
0.028976 47.523180
0.023530 47.546710
0.038578 47.585288
0.052146 47.637434
0.063018 47.700452
0.025440 47.725892
0.017532 47.743424
0.068240 47.811664
0.034269 47.845933
0.042569 47.888502
0.046133 47.934635
0.020924 47.955559
0.019622 47.975181
0.031022 48.006203
0.050317 48.056520
0.048459 48.104979
0.014957 48.119936
0.055098 48.175034
0.034190 48.209224
0.031705 48.240929
0.020269 48.261198
0.020869 48.282067
0.051006 48.333073
0.023823 48.356896
0.047984 48.404880
0.027604 48.432484
0.042295 48.474779
0.042298 48.517077
0.023512 48.540589
0.018898 48.559487
0.081704 48.641191
0.046576 48.687767
0.046109 48.733876
0.049612 48.783488
0.068089 48.851577
0.016209 48.867786
0.022694 48.890480
0.140611 49.031091
0.033203 49.064294
0.042763 49.107057
0.069891 49.176948
0.030542 49.207490
0.059451 49.266941
0.068676 49.335617
0.046729 49.382346
0.061541 49.443887
0.045125 49.489012
0.098542 49.587554
0.031234 49.618788
0.020067 49.638855
0.043268 49.682123
0.085841 49.767964
0.018909 49.786873
0.174618 49.961491
0.024823 49.986314
0.019585 50.005899
0.046487 50.052386
0.026579 50.078965
0.025563 50.104528
0.028406 50.132934
0.032855 50.165789
0.058688 50.224477
0.076363 50.300840
0.071001 50.371841
0.026687 50.398528
0.038192 50.436720
0.035497 50.472217
0.055697 50.527914
0.013306 50.541220
0.055991 50.597211
0.108775 50.705986
0.048348 50.754334
0.029141 50.783475
0.054569 50.838044
0.031975 50.870019
0.061836 50.931855
0.023531 50.955386
0.082588 51.037974
0.081160 51.119134
0.046118 51.165252
0.047615 51.212867
0.055614 51.268481
0.021162 51.289643
0.080119 51.369762
0.032803 51.402565
0.079813 51.482378
0.108281 51.590659
0.077914 51.668573
0.082814 51.751387
0.151427 51.902814
0.027180 51.929994
0.048860 51.978854
0.021318 52.000172
0.069332 52.069504
0.029564 52.099068
0.046581 52.145649
0.029077 52.174726
0.039035 52.213761
0.060613 52.274374
0.083984 52.358358
0.140630 52.498988
0.046603 52.545591
0.009988 52.555579
0.092375 52.647954
0.036112 52.684066
0.043100 52.727166
0.049891 52.777057
0.038983 52.816040
0.056046 52.872086
0.023052 52.895138
0.063633 52.958771
0.033126 52.991897
0.019342 53.011239
0.054582 53.065821
0.027731 53.093552
0.140583 53.234135
0.016957 53.251092
0.125925 53.377017
0.053055 53.430072
0.064650 53.494722
0.027340 53.522062
0.036247 53.558309
0.032143 53.590452
0.032103 53.622555
0.072048 53.694603
0.079185 53.773788
0.056848 53.830636
0.027383 53.858019
0.054585 53.912604
0.046900 53.959504
0.085874 54.045378
0.041911 54.087289
0.032790 54.120079
0.062967 54.183046
0.023778 54.206824
0.119740 54.326564
0.036041 54.362605
0.081305 54.443910
0.044478 54.488388
0.028430 54.516818
0.032768 54.549586
0.067752 54.617338
0.034664 54.652002
0.055166 54.707168
0.048816 54.755984
0.037085 54.793069
0.048129 54.841198
0.040705 54.881903
0.024223 54.906126
0.017347 54.923473
0.029255 54.952728
0.032653 54.985381
0.053250 55.038631
0.018814 55.057445
0.037007 55.094452
0.053048 55.147500
0.066054 55.213554
0.183009 55.396563
0.175294 55.571857
0.031165 55.603022
0.025662 55.628684
0.031784 55.660468
0.028564 55.689032
0.034583 55.723615
0.041189 55.764804
0.056682 55.821486
0.063586 55.885072
0.061407 55.946479
0.060640 56.007119
0.060451 56.067570
0.029932 56.097502
0.025264 56.122766
0.016542 56.139308
0.068621 56.207929
0.028235 56.236164
0.026590 56.262754
0.017876 56.280630
0.029543 56.310173
0.025445 56.335618
0.040665 56.376283
0.063770 56.440053
0.014685 56.454738
0.099959 56.554697
0.096866 56.651563
0.034841 56.686404
0.059869 56.746273
0.034992 56.781265
0.042609 56.823874
0.036494 56.860368
0.092479 56.952847
0.039845 56.992692
0.033011 57.025703
0.062160 57.087863
0.045369 57.133232
0.020038 57.153270
0.041650 57.194920
0.049432 57.244352
0.029416 57.273768
0.050456 57.324224
0.031798 57.356022
0.028234 57.384256
0.018287 57.402543
0.104656 57.507199
0.106478 57.613677
0.080211 57.693888
0.027281 57.721169
0.021827 57.742996
0.031371 57.774367
0.017359 57.791726
0.066675 57.858401
0.084475 57.942876
0.017471 57.960347
0.041292 58.001639
0.028072 58.029711
0.066002 58.095713
0.012589 58.108302
0.095620 58.203922
0.072460 58.276382
0.025054 58.301436
0.051243 58.352679
0.051514 58.404193
0.048931 58.453124
0.069404 58.522528
0.048871 58.571399
0.030408 58.601807
0.033608 58.635415
0.073815 58.709230
0.019285 58.728515
0.034647 58.763162
0.032814 58.795976
0.039940 58.835916
0.035128 58.871044
0.060883 58.931927
0.017498 58.949425
0.048552 58.997977
0.104377 59.102354
0.027827 59.130181
0.044776 59.174957
0.020362 59.195319
0.030862 59.226181
0.019200 59.245381
0.054423 59.299804
0.057201 59.357005
0.037581 59.394586
0.022987 59.417573
0.061222 59.478795
0.093914 59.572709
0.034738 59.607447
0.033960 59.641407
0.038227 59.679634
0.027671 59.707305
0.058127 59.765432
0.015247 59.780679
0.095857 59.876536
0.048078 59.924614
0.055373 59.979987
0.015418 59.995405
0.071868 60.067273
0.193439 60.260712
0.088905 60.349617
1.791496 62.141113
1.735788 63.876901
1.773878 65.650779
1.853417 67.504196
0.036938 67.541134
0.028356 67.569490
0.125986 67.695476
1.812384 69.507860
0.057052 69.564912
1.812339 71.377251
0.029584 71.406835
0.038049 71.444884
1.864505 73.309389
0.052027 73.361416
0.049108 73.410524
0.041648 73.452172
0.023257 73.475429
0.259468 73.734897
0.255129 73.990026
0.887138 74.877164
0.702554 75.579718
1.571367 77.151085
1.815455 78.966540
1.808627 80.775167
0.030223 80.805390
0.034695 80.840085
0.043758 80.883843
1.377241 82.261084
0.070717 82.331801
1.720125 84.051926
0.113250 84.165176
1.733275 85.898451
0.059258 85.957709
0.024487 85.982196
0.050755 86.032951
0.062656 86.095607
0.036065 86.131672
0.027977 86.159649
0.026805 86.186454
0.040772 86.227226
0.080838 86.308064
1.714548 88.022612
0.016160 88.038772
0.033722 88.072494
0.031382 88.103876
0.038955 88.142831
0.062627 88.205458
0.071934 88.277392
0.066262 88.343654
0.027508 88.371162
0.032517 88.403679
0.035343 88.439022
0.116170 88.555192
0.042696 88.597888
0.037039 88.634927
0.062129 88.697056
0.086986 88.784042
0.054172 88.838214
0.060896 88.899110
0.058340 88.957450
0.031223 88.988673
0.093973 89.082646
0.113409 89.196055
0.056438 89.252493
0.062268 89.314761
0.044002 89.358763
0.046186 89.404949
0.038891 89.443840
0.063365 89.507205
0.039913 89.547118
0.052045 89.599163
0.057094 89.656257
0.052340 89.708597
0.024317 89.732914
0.057739 89.790653
0.058159 89.848812
0.023513 89.872325
0.035679 89.908004
0.056915 89.964919
0.033475 89.998394
0.025872 90.024266
0.055549 90.079815
0.028822 90.108637
0.084337 90.192974
0.049033 90.242007
0.042863 90.284870
0.029275 90.314145
0.059905 90.374050
0.070694 90.444744
0.039359 90.484103
0.023880 90.507983
0.046565 90.554548
0.039648 90.594196
0.041472 90.635668
0.029493 90.665161
0.047479 90.712640
0.018579 90.731219
0.034114 90.765333
0.027213 90.792546
0.047539 90.840085
0.036708 90.876793
0.030428 90.907221
0.019614 90.926835
0.014651 90.941486
0.046578 90.988064
0.054550 91.042614
0.018271 91.060885
0.050080 91.110965
0.042230 91.153195
0.014926 91.168121
0.032887 91.201008
0.024662 91.225670
0.017519 91.243189
0.020227 91.263416
0.015150 91.278566
0.057737 91.336303
0.026806 91.363109
0.036439 91.399548
0.026859 91.426407
0.026427 91.452834
0.013786 91.466620
0.020460 91.487080
0.100106 91.587186
0.048195 91.635381
0.048458 91.683839
0.057480 91.741319
0.020455 91.761774
0.037859 91.799633
0.013460 91.813093
0.021953 91.835046
0.022903 91.857949
0.045734 91.903683
0.021091 91.924774
0.024450 91.949224
0.023453 91.972677
0.029314 92.001991
0.027587 92.029578
0.065686 92.095264
0.034061 92.129325
0.082131 92.211456
0.117417 92.328873
0.077033 92.405906
0.021951 92.427857
0.020948 92.448805
0.073805 92.522610
0.086271 92.608881
0.047898 92.656779
0.014386 92.671165
0.015860 92.687025
0.029723 92.716748
0.056575 92.773323
0.019783 92.793106
0.046059 92.839165
0.050144 92.889309
0.058939 92.948248
0.044905 92.993153
0.022641 93.015794
0.076696 93.092490
0.017612 93.110102
0.020572 93.130674
0.042830 93.173504
0.024276 93.197780
0.044662 93.242442
0.046048 93.288490
0.023879 93.312369
0.031294 93.343663
0.025107 93.368770
0.013713 93.382483
0.151776 93.534259
0.023527 93.557786
0.085303 93.643089
0.026854 93.669943
0.019242 93.689185
0.021508 93.710693
0.025269 93.735962
0.038289 93.774251
0.023650 93.797901
0.027142 93.825043
0.055649 93.880692
0.024413 93.905105
0.047396 93.952501
0.029498 93.981999
0.030038 94.012037
0.071285 94.083322
0.018626 94.101948
0.021583 94.123531
0.013220 94.136751
0.014888 94.151639
0.073768 94.225407
0.045321 94.270728
0.047420 94.318148
0.025374 94.343522
0.061624 94.405146
0.077306 94.482452
0.086959 94.569411
0.046726 94.616137
0.031430 94.647567
0.087551 94.735118
0.027265 94.762383
0.058572 94.820955
0.140892 94.961847
1.764472 96.726319
0.034920 96.761239
0.043013 96.804252
0.140241 96.944493
1.175489 98.119982
0.935230 99.055212
0.297650 99.352862
1.474846 100.827708
0.769338 101.597046
1.279978 102.877024
1.732635 104.609659
0.084377 104.694036
0.490410 105.184446
1.113124 106.297570
0.020049 106.317619
0.035866 106.353485
0.061755 106.415240
0.033007 106.448247
0.030629 106.478876
0.017552 106.496428
0.045860 106.542288
0.028701 106.570989
0.089223 106.660212
0.016563 106.676775
0.028981 106.705756
0.033691 106.739447
