0.265634 0.265634
0.303763 0.569397
0.433865 1.003262
0.107576 1.110838
0.104577 1.215415
0.100776 1.316191
0.104813 1.421004
0.104622 1.525626
0.046972 1.572598
0.090765 1.663363
0.100601 1.763964
0.039937 1.803901
0.037269 1.841170
0.046994 1.888164
0.100427 1.988591
0.025347 2.013938
0.075921 2.089859
0.025090 2.114949
0.050656 2.165605
0.038689 2.204294
0.015797 2.220091
0.049473 2.269564
0.061727 2.331291
0.068542 2.399833
0.040366 2.440199
0.037611 2.477810
0.029408 2.507218
0.049257 2.556475
0.028933 2.585408
0.068692 2.654100
0.025256 2.679356
0.063552 2.742908
0.100800 2.843708
0.100924 2.944632
0.070278 3.014910
0.047148 3.062058
0.068310 3.130368
0.041817 3.172185
0.024639 3.196824
0.029601 3.226425
0.038527 3.264952
0.022183 3.287135
0.057656 3.344791
0.099550 3.444341
0.030193 3.474534
0.034976 3.509510
0.034286 3.543796
0.100592 3.644388
0.038425 3.682813
0.029368 3.712181
0.015504 3.727685
0.026671 3.754356
0.025043 3.779399
0.069154 3.848553
0.038678 3.887231
0.022239 3.909470
0.035276 3.944746
0.038043 3.982789
0.025087 4.007876
0.016888 4.024764
0.021074 4.045838
0.018461 4.064299
0.035223 4.099522
0.033279 4.132801
0.020144 4.152945
0.028243 4.181188
0.034194 4.215382
0.062978 4.278360
0.018937 4.297297
0.028394 4.325691
0.036560 4.362251
0.055987 4.418238
0.025212 4.443450
0.021023 4.464473
0.024675 4.489148
0.016645 4.505793
0.018880 4.524673
0.023280 4.547953
0.024064 4.572017
0.019079 4.591096
0.024278 4.615374
0.042165 4.657539
0.025254 4.682793
0.018656 4.701449
0.020137 4.721586
0.040335 4.761921
0.025821 4.787742
0.025931 4.813673
0.026366 4.840039
0.036954 4.876993
0.024183 4.901176
0.040712 4.941888
0.031548 4.973436
0.052463 5.025899
0.022576 5.048475
0.059242 5.107717
0.052198 5.159915
0.020111 5.180026
0.026495 5.206521
0.017050 5.223571
0.023164 5.246735
0.026117 5.272852
0.034754 5.307606
0.026310 5.333916
0.100632 5.434548
0.020189 5.454737
0.019581 5.474318
0.066898 5.541216
0.022393 5.563609
0.032048 5.595657
0.032763 5.628420
0.018188 5.646608
0.025869 5.672477
0.029936 5.702413
0.023394 5.725807
0.030897 5.756704
0.026522 5.783226
0.025827 5.809053
0.029044 5.838097
0.031671 5.869768
0.024818 5.894586
0.064259 5.958845
0.041830 6.000675
0.022098 6.022773
0.014891 6.037664
0.021384 6.059048
0.039862 6.098910
0.060082 6.158992
0.021441 6.180433
0.021378 6.201811
0.046574 6.248385
0.030606 6.278991
0.065763 6.344754
0.045187 6.389941
0.020559 6.410500
0.022032 6.432532
0.069267 6.501799
0.025884 6.527683
0.046808 6.574491
0.060779 6.635270
0.045272 6.680542
0.033654 6.714196
0.016513 6.730709
0.100718 6.831427
0.039871 6.871298
0.100684 6.971982
0.059734 7.031716
0.063985 7.095701
0.025423 7.121124
0.045410 7.166534
0.021117 7.187651
0.039467 7.227118
0.026830 7.253948
0.023735 7.277683
0.104901 7.382584
0.037434 7.420018
0.063851 7.483869
0.020004 7.503873
0.038010 7.541883
0.050192 7.592075
0.027434 7.619509
0.042458 7.661967
0.025523 7.687490
0.100013 7.787503
0.100481 7.887984
0.044430 7.932414
0.022183 7.954597
0.021757 7.976354
0.016897 7.993251
0.016573 8.009824
0.042254 8.052078
0.035552 8.087630
0.032495 8.120125
0.016027 8.136152
0.028781 8.164933
0.026452 8.191385
0.021796 8.213181
0.031037 8.244218
0.033646 8.277864
0.100820 8.378684
0.021644 8.400328
0.037480 8.437808
0.022365 8.460173
0.032994 8.493167
0.075547 8.568714
0.033074 8.601788
0.100740 8.702528
0.023337 8.725865
0.022443 8.748308
0.066913 8.815221
0.020056 8.835277
0.019914 8.855191
0.032192 8.887383
0.033142 8.920525
0.023095 8.943620
0.022721 8.966341
0.022705 8.989046
0.056810 9.045856
0.036479 9.082335
0.022503 9.104838
0.032400 9.137238
0.073628 9.210866
0.029547 9.240413
0.040496 9.280909
0.025670 9.306579
0.038119 9.344698
0.034958 9.379656
0.038669 9.418325
0.066799 9.485124
0.016341 9.501465
0.071237 9.572702
0.029199 9.601901
0.053128 9.655029
0.041031 9.696060
0.100499 9.796559
0.064160 9.860719
0.028235 9.888954
0.063155 9.952109
0.048608 10.000717
0.046606 10.047323
0.022800 10.070123
0.067725 10.137848
0.036537 10.174385
0.030558 10.204943
0.049386 10.254329
0.025786 10.280115
0.035088 10.315203
0.031106 10.346309
0.042740 10.389049
0.027069 10.416118
0.031090 10.447208
0.037606 10.484814
0.049188 10.534002
0.027734 10.561736
0.033524 10.595260
0.094882 10.690142
0.026593 10.716735
0.051892 10.768627
0.033015 10.801642
0.088607 10.890249
0.041454 10.931703
0.058438 10.990141
0.024099 11.014240
0.027962 11.042202
0.032158 11.074360
0.033250 11.107610
0.026442 11.134052
0.054227 11.188279
0.054165 11.242444
0.049082 11.291526
0.029850 11.321376
0.041337 11.362713
0.040021 11.402734
0.068228 11.470962
0.056235 11.527197
0.040428 11.567625
0.029626 11.597251
0.022944 11.620195
0.063126 11.683321
0.057026 11.740347
0.026212 11.766559
0.049463 11.816022
0.029732 11.845754
0.039697 11.885451
0.045154 11.930605
0.021539 11.952144
0.041502 11.993646
0.026359 12.020005
0.033763 12.053768
0.025505 12.079273
0.033256 12.112529
0.089889 12.202418
0.085024 12.287442
0.026505 12.313947
0.028562 12.342509
0.100491 12.443000
0.019641 12.462641
0.018669 12.481310
0.030343 12.511653
0.069874 12.581527
0.065447 12.646974
0.048420 12.695394
0.054986 12.750380
0.073399 12.823779
0.032800 12.856579
0.072265 12.928844
0.032348 12.961192
0.045026 13.006218
0.080858 13.087076
0.038488 13.125564
0.034895 13.160459
0.024453 13.184912
0.032665 13.217577
0.018132 13.235709
0.030562 13.266271
0.038255 13.304526
0.048325 13.352851
0.061425 13.414276
0.074902 13.489178
0.034549 13.523727
0.036713 13.560440
0.027672 13.588112
0.040813 13.628925
0.031224 13.660149
0.043815 13.703964
0.028470 13.732434
0.022694 13.755128
0.026409 13.781537
0.040195 13.821732
0.037570 13.859302
0.042894 13.902196
0.040949 13.943145
0.083820 14.026965
0.040094 14.067059
0.021630 14.088689
0.075614 14.164303
0.062038 14.226341
0.017780 14.244121
0.067440 14.311561
0.058481 14.370042
0.077463 14.447505
0.063861 14.511366
0.100802 14.612168
0.036464 14.648632
0.030483 14.679115
0.044528 14.723643
0.032637 14.756280
0.064831 14.821111
0.038872 14.859983
0.025105 14.885088
0.030355 14.915443
0.040471 14.955914
0.090750 15.046664
0.060140 15.106804
0.042338 15.149142
0.030529 15.179671
0.061108 15.240779
0.035774 15.276553
0.022896 15.299449
0.020945 15.320394
0.049660 15.370054
0.020379 15.390433
0.033566 15.423999
0.052384 15.476383
0.062797 15.539180
0.039286 15.578466
0.044174 15.622640
0.017275 15.639915
0.100556 15.740471
0.101068 15.841539
0.022064 15.863603
0.035267 15.898870
0.034593 15.933463
0.046517 15.979980
0.022574 16.002554
0.034434 16.036988
0.048034 16.085022
0.025475 16.110497
0.032334 16.142831
0.039585 16.182416
0.100971 16.283387
0.021655 16.305042
0.028808 16.333850
0.029877 16.363727
0.041402 16.405129
0.100734 16.505863
0.034463 16.540326
0.093244 16.633570
0.046607 16.680177
0.037890 16.718067
0.035699 16.753766
0.058968 16.812734
0.030834 16.843568
0.021633 16.865201
0.016376 16.881577
0.100437 16.982014
0.018351 17.000365
0.025722 17.026087
0.042514 17.068601
0.028679 17.097280
0.041231 17.138511
0.058720 17.197231
0.018777 17.216008
0.026622 17.242630
0.027644 17.270274
0.046145 17.316419
0.018990 17.335409
0.036618 17.372027
0.025945 17.397972
0.056870 17.454842
0.021925 17.476767
0.023329 17.500096
0.040265 17.540361
0.064040 17.604401
0.100622 17.705023
0.025773 17.730796
0.032841 17.763637
0.061626 17.825263
0.027332 17.852595
0.100817 17.953412
0.042638 17.996050
0.027435 18.023485
0.059814 18.083299
0.030250 18.113549
0.016852 18.130401
0.036277 18.166678
0.035539 18.202217
0.098092 18.300309
0.026762 18.327071
0.100618 18.427689
0.043997 18.471686
0.031207 18.502893
0.094758 18.597651
0.086436 18.684087
0.024421 18.708508
0.022020 18.730528
0.066033 18.796561
0.087091 18.883652
0.022368 18.906020
0.074634 18.980654
0.058535 19.039189
0.017169 19.056358
0.071216 19.127574
0.051977 19.179551
0.051198 19.230749
0.018178 19.248927
0.037684 19.286611
0.100973 19.387584
0.028296 19.415880
0.020884 19.436764
0.040409 19.477173
0.024702 19.501875
0.021660 19.523535
0.020501 19.544036
0.087012 19.631048
0.069739 19.700787
0.034648 19.735435
0.079455 19.814890
0.083851 19.898741
0.060717 19.959458
0.087367 20.046825
0.053567 20.100392
0.087610 20.188002
0.017665 20.205667
0.072342 20.278009
0.075879 20.353888
0.062186 20.416074
0.026686 20.442760
0.057727 20.500487
0.100526 20.601013
0.034990 20.636003
0.027188 20.663191
0.022062 20.685253
0.024288 20.709541
0.022630 20.732171
0.038534 20.770705
0.026492 20.797197
0.052815 20.850012
0.029138 20.879150
0.088428 20.967578
0.034861 21.002439
0.047945 21.050384
0.040633 21.091017
0.095123 21.186140
0.100487 21.286627
0.025327 21.311954
0.070456 21.382410
0.054639 21.437049
0.100745 21.537794
0.037666 21.575460
0.059497 21.634957
0.021012 21.655969
0.068558 21.724527
0.045952 21.770479
0.041158 21.811637
0.031113 21.842750
0.079760 21.922510
0.034440 21.956950
0.034110 21.991060
0.015468 22.006528
0.039446 22.045974
0.036067 22.082041
0.033796 22.115837
0.073556 22.189393
0.017656 22.207049
0.021798 22.228847
0.045161 22.274008
0.024117 22.298125
0.101078 22.399203
0.093479 22.492682
0.073354 22.566036
0.031855 22.597891
0.033149 22.631040
0.033186 22.664226
0.100731 22.764957
0.093178 22.858135
0.061949 22.920084
0.034491 22.954575
0.030657 22.985232
0.044762 23.029994
0.087902 23.117896
0.040402 23.158298
0.056386 23.214684
0.021051 23.235735
0.024552 23.260287
0.062399 23.322686
0.021883 23.344569
0.060270 23.404839
0.066462 23.471301
0.077480 23.548781
0.028980 23.577761
0.074746 23.652507
0.013985 23.666492
0.024387 23.690879
0.046315 23.737194
0.031548 23.768742
0.018408 23.787150
0.032487 23.819637
0.049159 23.868796
0.021036 23.889832
0.068117 23.957949
0.042190 24.000139
0.047389 24.047528
0.045498 24.093026
0.042741 24.135767
0.037635 24.173402
0.029319 24.202721
0.034908 24.237629
0.025190 24.262819
0.026685 24.289504
0.026889 24.316393
0.014434 24.330827
0.100681 24.431508
0.051958 24.483466
0.036356 24.519822
0.021109 24.540931
0.047755 24.588686
0.014964 24.603650
0.057691 24.661341
0.025377 24.686718
0.100617 24.787335
0.015034 24.802369
0.014131 24.816500
0.022053 24.838553
0.017220 24.855773
0.015956 24.871729
0.033543 24.905272
0.046104 24.951376
0.062925 25.014301
0.040682 25.054983
0.035645 25.090628
0.073405 25.164033
0.084226 25.248259
0.013224 25.261483
0.028321 25.289804
0.079310 25.369114
0.100463 25.469577
0.015588 25.485165
0.022446 25.507611
0.063593 25.571204
0.077501 25.648705
0.023869 25.672574
0.080180 25.752754
0.020064 25.772818
0.060407 25.833225
0.036343 25.869568
0.065978 25.935546
0.048347 25.983893
0.045787 26.029680
0.042534 26.072214
0.016807 26.089021
0.029407 26.118428
0.034910 26.153338
0.073605 26.226943
0.040108 26.267051
0.036623 26.303674
0.015723 26.319397
0.020345 26.339742
0.013381 26.353123
0.026948 26.380071
0.025407 26.405478
0.048382 26.453860
0.022360 26.476220
0.023185 26.499405
0.032668 26.532073
0.077424 26.609497
0.071296 26.680793
0.014857 26.695650
0.042762 26.738412
0.047669 26.786081
0.023344 26.809425
0.060570 26.869995
0.015905 26.885900
0.016169 26.902069
0.085292 26.987361
0.033933 27.021294
0.056694 27.077988
0.026740 27.104728
0.013158 27.117886
0.029816 27.147702
0.021768 27.169470
0.039410 27.208880
0.023061 27.231941
0.086773 27.318714
0.060373 27.379087
0.013513 27.392600
0.044089 27.436689
0.031157 27.467846
0.051639 27.519485
0.047112 27.566597
0.081291 27.647888
0.021683 27.669571
0.028951 27.698522
0.036790 27.735312
0.017615 27.752927
0.026735 27.779662
0.023951 27.803613
0.056944 27.860557
0.025069 27.885626
0.025223 27.910849
0.033999 27.944848
0.081951 28.026799
0.016516 28.043315
0.015746 28.059061
0.034740 28.093801
0.028593 28.122394
0.012920 28.135314
0.040547 28.175861
0.037411 28.213272
0.039875 28.253147
0.066884 28.320031
0.033515 28.353546
0.051783 28.405329
0.050987 28.456316
0.051567 28.507883
0.065257 28.573140
0.036213 28.609353
0.016262 28.625615
0.014738 28.640353
0.024624 28.664977
0.014622 28.679599
0.020723 28.700322
0.038113 28.738435
0.038097 28.776532
0.038264 28.814796
0.018601 28.833397
0.022009 28.855406
0.030552 28.885958
0.091008 28.976966
0.019304 28.996270
0.038600 29.034870
0.059160 29.094030
0.027054 29.121084
0.059126 29.180210
0.021547 29.201757
0.043688 29.245445
0.029542 29.274987
0.022982 29.297969
0.029182 29.327151
0.019813 29.346964
0.032331 29.379295
0.017460 29.396755
0.020416 29.417171
0.035494 29.452665
0.034837 29.487502
0.028953 29.516455
0.061521 29.577976
0.015431 29.593407
0.020758 29.614165
0.037947 29.652112
0.021484 29.673596
0.027979 29.701575
0.021549 29.723124
0.024714 29.747838
0.018307 29.766145
0.100623 29.866768
0.018664 29.885432
0.028101 29.913533
0.021487 29.935020
0.043386 29.978406
0.062037 30.040443
0.027145 30.067588
0.019981 30.087569
0.018930 30.106499
0.049605 30.156104
0.076646 30.232750
0.039767 30.272517
0.072619 30.345136
0.023934 30.369070
0.019062 30.388132
0.018357 30.406489
0.059300 30.465789
0.033519 30.499308
0.034970 30.534278
0.017541 30.551819
0.027624 30.579443
0.022497 30.601940
0.014846 30.616786
0.016662 30.633448
0.051374 30.684822
0.079393 30.764215
0.027003 30.791218
0.085920 30.877138
0.022112 30.899250
0.029649 30.928899
0.052534 30.981433
0.023972 31.005405
0.041775 31.047180
0.100830 31.148010
0.047382 31.195392
0.043594 31.238986
0.022945 31.261931
0.027709 31.289640
0.026372 31.316012
0.022350 31.338362
0.023735 31.362097
0.024559 31.386656
0.051692 31.438348
0.015185 31.453533
0.019370 31.472903
0.024602 31.497505
0.013476 31.510981
0.032718 31.543699
0.046017 31.589716
0.056774 31.646490
0.023716 31.670206
0.029594 31.699800
0.019071 31.718871
0.020909 31.739780
0.028599 31.768379
0.021734 31.790113
0.064226 31.854339
0.081218 31.935557
0.035699 31.971256
0.100829 32.072085
0.028946 32.101031
0.047155 32.148186
0.024381 32.172567
0.015385 32.187952
0.016205 32.204157
0.025022 32.229179
0.054455 32.283634
0.044238 32.327872
0.081912 32.409784
0.021241 32.431025
0.031350 32.462375
0.075539 32.537914
0.030125 32.568039
0.029102 32.597141
0.014290 32.611431
0.100864 32.712295
0.030017 32.742312
0.037400 32.779712
0.030375 32.810087
0.100732 32.910819
0.100465 33.011284
0.069855 33.081139
0.025551 33.106690
0.054643 33.161333
0.020781 33.182114
0.021668 33.203782
0.104910 33.308692
0.025436 33.334128
0.019975 33.354103
0.034499 33.388602
0.018857 33.407459
0.043431 33.450890
0.090903 33.541793
0.056341 33.598134
0.034867 33.633001
0.034964 33.667965
0.033294 33.701259
0.043669 33.744928
0.046672 33.791600
0.035711 33.827311
0.067854 33.895165
0.044495 33.939660
0.100612 34.040272
0.019960 34.060232
0.034263 34.094495
0.100625 34.195120
0.104791 34.299911
0.101592 34.401503
0.100605 34.502108
0.048899 34.551007
0.075687 34.626694
0.046136 34.672830
0.020338 34.693168
0.071679 34.764847
0.023134 34.787981
0.020185 34.808166
0.024410 34.832576
0.038375 34.870951
0.040427 34.911378
0.022487 34.933865
0.049811 34.983676
0.100627 35.084303
0.026268 35.110571
0.021528 35.132099
0.104876 35.236975
0.030010 35.266985
0.027342 35.294327
0.100384 35.394711
0.055063 35.449774
0.027260 35.477034
0.025556 35.502590
0.038309 35.540899
0.024687 35.565586
0.072722 35.638308
0.021579 35.659887
0.071410 35.731297
0.041076 35.772373
0.048558 35.820931
0.064702 35.885633
0.018914 35.904547
0.040925 35.945472
0.032002 35.977474
0.036768 36.014242
0.024054 36.038296
0.034633 36.072929
0.015829 36.088758
0.020624 36.109382
0.045847 36.155229
0.022225 36.177454
0.101288 36.278742
0.038487 36.317229
0.031913 36.349142
0.018371 36.367513
0.018377 36.385890
0.100772 36.486662
0.017407 36.504069
0.031468 36.535537
0.023233 36.558770
0.077667 36.636437
0.083395 36.719832
0.018308 36.738140
0.021596 36.759736
0.065234 36.824970
0.031410 36.856380
0.031232 36.887612
0.073458 36.961070
0.019293 36.980363
0.101169 37.081532
0.020137 37.101669
0.029310 37.130979
0.086464 37.217443
0.019844 37.237287
0.023983 37.261270
0.037403 37.298673
0.041766 37.340439
0.100763 37.441202
0.059860 37.501062
0.076805 37.577867
0.028206 37.606073
0.046645 37.652718
0.046356 37.699074
0.051256 37.750330
0.062314 37.812644
0.072952 37.885596
0.031522 37.917118
0.049567 37.966685
0.079536 38.046221
0.024390 38.070611
0.052631 38.123242
0.043690 38.166932
0.033255 38.200187
0.020382 38.220569
0.022922 38.243491
0.022495 38.265986
0.100437 38.366423
0.026485 38.392908
0.021765 38.414673
0.036470 38.451143
0.030831 38.481974
0.024577 38.506551
0.033733 38.540284
0.025998 38.566282
0.049128 38.615410
0.052905 38.668315
0.027452 38.695767
0.048961 38.744728
0.101176 38.845904
0.030957 38.876861
0.053156 38.930017
0.025962 38.955979
0.026977 38.982956
0.037467 39.020423
0.033086 39.053509
0.078523 39.132032
0.029420 39.161452
0.034810 39.196262
0.048486 39.244748
0.023114 39.267862
0.035041 39.302903
0.101153 39.404056
0.023819 39.427875
0.035441 39.463316
0.069242 39.532558
0.013981 39.546539
0.101089 39.647628
0.019171 39.666799
0.023081 39.689880
0.019106 39.708986
0.092658 39.801644
0.025811 39.827455
0.055599 39.883054
0.028600 39.911654
0.044947 39.956601
0.067533 40.024134
0.020043 40.044177
0.037760 40.081937
0.030458 40.112395
0.017237 40.129632
0.027620 40.157252
0.018685 40.175937
0.074017 40.249954
0.035824 40.285778
0.052339 40.338117
0.025923 40.364040
0.036440 40.400480
0.018647 40.419127
0.018708 40.437835
0.019863 40.457698
0.040250 40.497948
0.046676 40.544624
0.026860 40.571484
0.055176 40.626660
0.072618 40.699278
0.086533 40.785811
0.020681 40.806492
0.060556 40.867048
0.070860 40.937908
0.036428 40.974336
0.026827 41.001163
0.088447 41.089610
0.087869 41.177479
0.080102 41.257581
0.021537 41.279118
0.032872 41.311990
0.029118 41.341108
0.101015 41.442123
0.055558 41.497681
0.018591 41.516272
0.025472 41.541744
0.032821 41.574565
0.031529 41.606094
0.018740 41.624834
0.049928 41.674762
0.025265 41.700027
0.024426 41.724453
0.051448 41.775901
0.024789 41.800690
0.069215 41.869905
0.082238 41.952143
0.100694 42.052837
0.082177 42.135014
0.045476 42.180490
0.046323 42.226813
0.019589 42.246402
0.020830 42.267232
0.037862 42.305094
0.030803 42.335897
0.066614 42.402511
0.019619 42.422130
0.100673 42.522803
0.100588 42.623391
0.034128 42.657519
0.043142 42.700661
0.060536 42.761197
0.061226 42.822423
0.035179 42.857602
0.031215 42.888817
0.057477 42.946294
0.019535 42.965829
0.015845 42.981674
0.027684 43.009358
0.053699 43.063057
0.082562 43.145619
0.026904 43.172523
0.018845 43.191368
0.100657 43.292025
0.085018 43.377043
0.100752 43.477795
0.073052 43.550847
0.037984 43.588831
0.016926 43.605757
0.078629 43.684386
0.090904 43.775290
0.037093 43.812383
0.100806 43.913189
0.043173 43.956362
0.018213 43.974575
0.024663 43.999238
0.059302 44.058540
0.055518 44.114058
0.041054 44.155112
0.087596 44.242708
0.015365 44.258073
0.038087 44.296160
0.064358 44.360518
0.066760 44.427278
0.052976 44.480254
0.030326 44.510580
0.100663 44.611243
0.016619 44.627862
0.046828 44.674690
0.025270 44.699960
0.046611 44.746571
0.033760 44.780331
0.069445 44.849776
0.028060 44.877836
0.079194 44.957030
0.047751 45.004781
0.033052 45.037833
0.052275 45.090108
0.057417 45.147525
0.023594 45.171119
0.022581 45.193700
0.076889 45.270589
0.022299 45.292888
0.100513 45.393401
0.068104 45.461505
0.024415 45.485920
0.091261 45.577181
0.097401 45.674582
0.087249 45.761831
0.055016 45.816847
0.014864 45.831711
0.067521 45.899232
0.017865 45.917097
0.078940 45.996037
0.015555 46.011592
0.070850 46.082442
0.028928 46.111370
0.100349 46.211719
0.047119 46.258838
0.014288 46.273126
0.021152 46.294278
0.100734 46.395012
0.100483 46.495495
0.023545 46.519040
0.076423 46.595463
0.022150 46.617613
0.033859 46.651472
0.022013 46.673485
0.015431 46.688916
0.082644 46.771560
0.027725 46.799285
0.060981 46.860266
0.014242 46.874508
0.100728 46.975236
0.026610 47.001846
0.034907 47.036753
0.049986 47.086739
0.014962 47.101701
0.018434 47.120135
0.077262 47.197397
0.012342 47.209739
0.021505 47.231244
0.023466 47.254710
0.022669 47.277379
0.035047 47.312426
0.074500 47.386926
0.096992 47.483918
0.030715 47.514633
0.022769 47.537402
0.022555 47.559957
0.026343 47.586300
0.094752 47.681052
0.047484 47.728536
0.019603 47.748139
0.088694 47.836833
0.022453 47.859286
0.036839 47.896125
0.018334 47.914459
0.019164 47.933623
0.088378 48.022001
0.017554 48.039555
0.021084 48.060639
0.033252 48.093891
0.025516 48.119407
0.030426 48.149833
0.028575 48.178408
0.100804 48.279212
0.034633 48.313845
0.019979 48.333824
0.058633 48.392457
0.020639 48.413096
0.039961 48.453057
0.021943 48.475000
0.045395 48.520395
0.036210 48.556605
0.045645 48.602250
0.100872 48.703122
0.048671 48.751793
0.067394 48.819187
0.027844 48.847031
0.032313 48.879344
0.100613 48.979957
0.100771 49.080728
0.026878 49.107606
0.022770 49.130376
0.100773 49.231149
0.045355 49.276504
0.014757 49.291261
0.045773 49.337034
0.078168 49.415202
0.059851 49.475053
0.049063 49.524116
0.020372 49.544488
0.030530 49.575018
0.013502 49.588520
0.017080 49.605600
0.041130 49.646730
0.074261 49.720991
0.049369 49.770360
0.020723 49.791083
0.021468 49.812551
0.032900 49.845451
0.048608 49.894059
0.015509 49.909568
0.031846 49.941414
0.042903 49.984317
0.018967 50.003284
0.091988 50.095272
0.100935 50.196207
0.015676 50.211883
0.033867 50.245750
0.075594 50.321344
0.012435 50.333779
0.041672 50.375451
0.041271 50.416722
0.101551 50.518273
0.086479 50.604752
0.021826 50.626578
0.022948 50.649526
0.076209 50.725735
0.019640 50.745375
0.064404 50.809779
0.084341 50.894120
0.068175 50.962295
0.020838 50.983133
0.027860 51.010993
0.041194 51.052187
0.028511 51.080698
0.042155 51.122853
0.021748 51.144601
0.024864 51.169465
0.030357 51.199822
0.048681 51.248503
0.094819 51.343322
0.021284 51.364606
0.018360 51.382966
0.030445 51.413411
0.018761 51.432172
0.022040 51.454212
0.084144 51.538356
0.030518 51.568874
0.079929 51.648803
0.019974 51.668777
0.048000 51.716777
0.022425 51.739202
0.074553 51.813755
0.052356 51.866111
0.100684 51.966795
0.049904 52.016699
0.032218 52.048917
0.048376 52.097293
0.022439 52.119732
0.026340 52.146072
0.100449 52.246521
0.037875 52.284396
0.026603 52.310999
0.024798 52.335797
0.058433 52.394230
0.024468 52.418698
0.101035 52.519733
0.047193 52.566926
0.029742 52.596668
0.024502 52.621170
0.029136 52.650306
0.038032 52.688338
0.034927 52.723265
0.046898 52.770163
0.092694 52.862857
0.028297 52.891154
0.057364 52.948518
0.029625 52.978143
0.023467 53.001610
0.057142 53.058752
0.058721 53.117473
0.027671 53.145144
0.057886 53.203030
0.044807 53.247837
0.100921 53.348758
0.039432 53.388190
0.034322 53.422512
0.032790 53.455302
0.022607 53.477909
0.031460 53.509369
0.033233 53.542602
0.031490 53.574092
0.087841 53.661933
0.018135 53.680068
0.029430 53.709498
0.091992 53.801490
0.090828 53.892318
0.028370 53.920688
0.041402 53.962090
0.020566 53.982656
0.069014 54.051670
0.084213 54.135883
0.016810 54.152693
0.028315 54.181008
0.026838 54.207846
0.029744 54.237590
0.035211 54.272801
0.055154 54.327955
0.020168 54.348123
0.026213 54.374336
0.016902 54.391238
0.055786 54.447024
0.031148 54.478172
0.038165 54.516337
0.032994 54.549331
0.035023 54.584354
0.041672 54.626026
0.053880 54.679906
0.016879 54.696785
0.021281 54.718066
0.022191 54.740257
0.039552 54.779809
0.030875 54.810684
0.042032 54.852716
0.027181 54.879897
0.028776 54.908673
0.042255 54.950928
0.052128 55.003056
0.027858 55.030914
0.024829 55.055743
0.037403 55.093146
0.037192 55.130338
0.041338 55.171676
0.021119 55.192795
0.051575 55.244370
0.056841 55.301211
0.022173 55.323384
0.034312 55.357696
0.074144 55.431840
0.100965 55.532805
0.049599 55.582404
0.035477 55.617881
0.046927 55.664808
0.064756 55.729564
0.046587 55.776151
0.036855 55.813006
0.035209 55.848215
0.024031 55.872246
0.020613 55.892859
0.035850 55.928709
0.085848 56.014557
0.029612 56.044169
0.019373 56.063542
0.019408 56.082950
0.038428 56.121378
0.024754 56.146132
0.025946 56.172078
0.012757 56.184835
0.029252 56.214087
0.038351 56.252438
0.051229 56.303667
0.040991 56.344658
0.098582 56.443240
0.100590 56.543830
0.030282 56.574112
0.013797 56.587909
0.037834 56.625743
0.104901 56.730644
0.061361 56.792005
0.071320 56.863325
0.101071 56.964396
0.058818 57.023214
0.100451 57.123665
0.043310 57.166975
0.095773 57.262748
0.098305 57.361053
0.100905 57.461958
0.100782 57.562740
0.100463 57.663203
0.092352 57.755555
0.027830 57.783385
0.100747 57.884132
0.088844 57.972976
0.023011 57.995987
0.025484 58.021471
0.039385 58.060856
0.025052 58.085908
0.100763 58.186671
0.037086 58.223757
0.100805 58.324562
0.100513 58.425075
0.057326 58.482401
0.015957 58.498358
0.034306 58.532664
0.026264 58.558928
0.100853 58.659781
0.061617 58.721398
0.100819 58.822217
0.091165 58.913382
0.070507 58.983889
0.026629 59.010518
0.096650 59.107168
0.100596 59.207764
0.015524 59.223288
0.100637 59.323925
0.055645 59.379570
0.069536 59.449106
0.060087 59.509193
0.030339 59.539532
0.049507 59.589039
0.050717 59.639756
0.028218 59.667974
0.055336 59.723310
0.100414 59.823724
0.077357 59.901081
0.057233 59.958314
0.037031 59.995345
0.044171 60.039516
0.063453 60.102969
0.042333 60.145302
0.030867 60.176169
0.048807 60.224976
0.033398 60.258374
0.039025 60.297399
0.101206 60.398605
0.036569 60.435174
0.025573 60.460747
0.035644 60.496391
0.037173 60.533564
0.036374 60.569938
0.089982 60.659920
0.040646 60.700566
0.074163 60.774729
0.070131 60.844860
0.096370 60.941230
0.034831 60.976061
0.100747 61.076808
0.101432 61.178240
0.031615 61.209855
0.048674 61.258529
0.060518 61.319047
0.045649 61.364696
0.075399 61.440095
0.043325 61.483420
0.061709 61.545129
0.061825 61.606954
0.042983 61.649937
0.036132 61.686069
0.025041 61.711110
0.019646 61.730756
0.050821 61.781577
0.027318 61.808895
0.097576 61.906471
0.036086 61.942557
0.023302 61.965859
0.013811 61.979670
0.066145 62.045815
0.031012 62.076827
0.046166 62.122993
0.023666 62.146659
0.033357 62.180016
0.046069 62.226085
0.100935 62.327020
0.026777 62.353797
0.019542 62.373339
0.100944 62.474283
0.026544 62.500827
0.049600 62.550427
0.028724 62.579151
0.045550 62.624701
0.035137 62.659838
0.034633 62.694471
0.034452 62.728923
0.031217 62.760140
0.013873 62.774013
0.087197 62.861210
0.061579 62.922789
0.034724 62.957513
0.018714 62.976227
0.014814 62.991041
0.028209 63.019250
0.074768 63.094018
0.031398 63.125416
0.033079 63.158495
0.046685 63.205180
0.023986 63.229166
0.100669 63.329835
0.017955 63.347790
0.018502 63.366292
0.050569 63.416861
0.038160 63.455021
0.021773 63.476794
0.020962 63.497756
0.023053 63.520809
0.100701 63.621510
0.016530 63.638040
0.075261 63.713301
0.101099 63.814400
0.069457 63.883857
0.013933 63.897790
0.073152 63.970942
0.020101 63.991043
0.020577 64.011620
0.018311 64.029931
0.035129 64.065060
0.051299 64.116359
0.018268 64.134627
0.037140 64.171767
0.015498 64.187265
0.031436 64.218701
0.076135 64.294836
0.064969 64.359805
0.023454 64.383259
0.050828 64.434087
0.026190 64.460277
0.028977 64.489254
0.017505 64.506759
0.032529 64.539288
0.014781 64.554069
0.018788 64.572857
0.032450 64.605307
0.069518 64.674825
0.078315 64.753140
0.014470 64.767610
0.036087 64.803697
0.027977 64.831674
0.052260 64.883934
0.019719 64.903653
0.043152 64.946805
0.031808 64.978613
0.047068 65.025681
0.014812 65.040493
0.046005 65.086498
0.019576 65.106074
0.026294 65.132368
0.038272 65.170640
0.032435 65.203075
0.018476 65.221551
0.021939 65.243490
0.033840 65.277330
0.048595 65.325925
0.098069 65.423994
0.016335 65.440329
0.036222 65.476551
0.027100 65.503651
0.028625 65.532276
0.016205 65.548481
0.026513 65.574994
0.022793 65.597787
0.031731 65.629518
0.018564 65.648082
0.043638 65.691720
0.044742 65.736462
0.040790 65.777252
0.037254 65.814506
0.034211 65.848717
0.032537 65.881254
0.049885 65.931139
0.026543 65.957682
0.034073 65.991755
0.080032 66.071787
0.058013 66.129800
0.078053 66.207853
0.040893 66.248746
0.022441 66.271187
0.101486 66.372673
0.100809 66.473482
0.041502 66.514984
0.056394 66.571378
0.100432 66.671810
0.047966 66.719776
0.101000 66.820776
0.100954 66.921730
0.057781 66.979511
0.068761 67.048272
0.100819 67.149091
0.100605 67.249696
0.060797 67.310493
0.013961 67.324454
0.035148 67.359602
0.016837 67.376439
0.021346 67.397785
0.079894 67.477679
0.029848 67.507527
0.025796 67.533323
0.051288 67.584611
0.031433 67.616044
0.047703 67.663747
0.028585 67.692332
0.042202 67.734534
