0.000000 -180.382683 81.076120 -2.245949 10.100000 1.000000 -0.702959
0.100000 -181.013950 80.287703 -1.922497 10.200000 1.000000 0.765381
0.200000 -181.365335 79.330139 -1.630621 10.300000 1.000000 0.709385
0.300000 -181.426918 78.301981 -1.541334 10.400000 1.000000 0.254423
0.400000 -181.396281 77.262433 -1.537014 10.500000 1.000000 0.012461
0.500000 -181.360817 76.213032 -1.557059 10.600000 1.000000 -0.057209
0.600000 -181.346256 75.153132 -1.572449 10.700000 1.000000 -0.043527
0.700000 -181.348024 74.083133 -1.576395 10.800000 1.000000 -0.011065
0.800000 -181.354071 73.003150 -1.575264 10.900000 1.000000 0.003143
0.900000 -181.358941 71.913161 -1.574176 11.000000 1.000000 0.002994
1.000000 -181.362658 70.813167 -1.573478 11.100000 1.000000 0.001903
1.100000 -181.365635 69.703171 -1.573094 11.200000 1.000000 0.001038
1.200000 -181.368209 68.583174 -1.572889 11.300000 1.000000 0.000551
1.300000 -181.370573 67.453177 -1.572763 11.400000 1.000000 0.000334
1.400000 -181.372815 66.313179 -1.572662 11.500000 1.000000 0.000265
1.500000 -181.374960 65.163181 -1.572563 11.600000 1.000000 0.000258
1.600000 -181.377010 64.003183 -1.572459 11.700000 1.000000 0.000269
1.700000 -181.378955 62.833184 -1.572320 11.800000 1.000000 0.000356
1.800000 -181.380754 61.653186 -1.572220 11.900000 1.000000 0.000254
1.900000 -181.382448 60.463187 -1.572131 12.000000 1.000000 0.000225
2.000000 -181.384050 59.263188 -1.572036 12.100000 1.000000 0.000237
2.100000 -181.385551 58.053189 -1.571934 12.200000 1.000000 0.000253
2.200000 -181.386939 56.833190 -1.571826 12.300000 1.000000 0.000265
2.300000 -181.388206 55.603190 -1.571700 12.400000 1.000000 0.000308
2.400000 -181.389327 54.363191 -1.571599 12.500000 1.000000 0.000246
2.500000 -181.390330 53.113191 -1.571509 12.600000 1.000000 0.000216
2.600000 -181.391227 51.853192 -1.571413 12.700000 1.000000 0.000228
2.700000 -181.392011 50.583192 -1.571308 12.800000 1.000000 0.000247
2.800000 -181.392666 49.303192 -1.571199 12.900000 1.000000 0.000256
2.900000 -181.393185 48.013192 -1.571094 13.000000 1.000000 0.000244
3.000000 -181.393572 46.713192 -1.571001 13.100000 1.000000 0.000214
3.100000 -181.393840 45.403192 -1.570901 13.200000 1.000000 0.000229
3.200000 -181.393978 44.083192 -1.570804 13.300000 1.000000 0.000221
3.300000 -181.393988 42.753192 -1.570696 13.400000 1.000000 0.000242
3.400000 -181.393854 41.413192 -1.570602 13.500000 1.000000 0.000211
3.500000 -181.393592 40.063192 -1.570499 13.600000 1.000000 0.000229
3.600000 -181.393187 38.703192 -1.570418 13.700000 1.000000 0.000178
3.700000 -181.392669 37.333193 -1.570306 13.800000 1.000000 0.000245
3.800000 -181.391992 35.953193 -1.570206 13.900000 1.000000 0.000219
3.900000 -181.391171 34.563193 -1.570091 14.000000 1.000000 0.000248
4.000000 -181.390183 33.163193 -1.570047 14.100000 1.000000 0.000093
4.100000 -181.389127 31.753194 -1.569923 14.200000 1.000000 0.000264
4.200000 -181.387886 30.333194 -1.569802 14.300000 1.000000 0.000256
4.300000 -181.386464 28.903195 -1.569761 14.400000 1.000000 0.000086
4.400000 -181.384973 27.463196 -1.569635 14.500000 1.000000 0.000262
4.500000 -181.383289 26.013197 -1.569510 14.600000 1.000000 0.000258
4.600000 -181.381412 24.553198 -1.569484 14.700000 1.000000 0.000054
4.700000 -181.379483 23.083199 -1.569351 14.800000 1.000000 0.000271
4.800000 -181.377344 21.603201 -1.569280 14.900000 1.000000 0.000143
4.900000 -181.375085 20.113202 -1.569152 15.000000 1.000000 0.000258
5.000000 -181.372619 18.613204 -1.569095 15.100000 1.000000 0.000114
5.100000 -181.370050 17.103207 -1.568963 15.200000 1.000000 0.000261
5.200000 -181.367264 15.583209 -1.568914 15.300000 1.000000 0.000098
5.300000 -181.364384 14.053212 -1.568773 15.400000 1.000000 0.000277
5.400000 -181.361268 12.513215 -1.568735 15.500000 1.000000 0.000073
5.500000 -181.358073 10.963218 -1.568578 15.600000 1.000000 0.000305
5.600000 -181.354612 9.403222 -1.568560 15.700000 1.000000 0.000033
5.700000 -181.351101 7.833226 -1.568372 15.800000 1.000000 0.000359
5.800000 -181.347271 6.253231 -1.568393 15.900000 1.000000 -0.000039
5.900000 -181.343450 4.663235 -1.568302 16.000000 1.000000 0.000171
6.000000 -181.339460 3.063240 -1.568126 16.100000 1.000000 0.000331
6.100000 -181.335160 1.453246 -1.568108 16.200000 1.000000 0.000033
6.200000 -181.330804 -0.166748 -1.567899 16.300000 1.000000 0.000386
6.300000 -181.326082 -1.796741 -1.567951 16.400000 1.000000 -0.000096
6.400000 -181.321416 -3.436735 -1.567868 16.500000 1.000000 0.000152
6.500000 -181.316585 -5.086728 -1.567642 16.600000 1.000000 0.000410
6.600000 -181.311349 -6.746719 -1.567675 16.700000 1.000000 -0.000059
6.700000 -181.306137 -8.416711 -1.567598 16.800000 1.000000 0.000138
6.800000 -181.300764 -10.096703 -1.567363 16.900000 1.000000 0.000420
6.900000 -181.294962 -11.786693 -1.567412 17.000000 1.000000 -0.000088
7.000000 -181.289209 -13.486683 -1.567341 17.100000 1.000000 0.000126
7.100000 -181.283301 -15.196673 -1.567231 17.200000 1.000000 0.000193
7.200000 -181.277169 -16.916662 -1.567033 17.300000 1.000000 0.000347
7.300000 -181.270657 -18.646650 -1.567047 17.400000 1.000000 -0.000025
7.400000 -181.264134 -20.386637 -1.566978 17.500000 1.000000 0.000118
7.500000 -181.257452 -22.136625 -1.566878 17.600000 1.000000 0.000171
7.600000 -181.250557 -23.896611 -1.566673 17.700000 1.000000 0.000351
7.700000 -181.243258 -25.666596 -1.566694 17.800000 1.000000 -0.000036
7.800000 -181.235956 -27.446581 -1.566633 17.900000 1.000000 0.000103
7.900000 -181.228504 -29.236565 -1.566534 18.000000 1.000000 0.000166
8.000000 -181.220832 -31.036549 -1.566256 18.100000 1.000000 0.000464
8.100000 -181.212614 -32.846530 -1.566408 18.200000 1.000000 -0.000251
8.200000 -181.204626 -34.666513 -1.566321 18.300000 1.000000 0.000143
8.300000 -181.196437 -36.496495 -1.565988 18.400000 1.000000 0.000545
8.400000 -181.187590 -38.336473 -1.566154 18.500000 1.000000 -0.000270
8.500000 -181.179001 -40.186453 -1.566067 18.600000 1.000000 0.000141
8.600000 -181.170205 -42.046433 -1.565941 18.700000 1.000000 0.000204
8.700000 -181.161125 -43.916411 -1.565679 18.800000 1.000000 0.000419
8.800000 -181.151505 -45.796386 -1.565767 18.900000 1.000000 -0.000140
8.900000 -181.141999 -47.686362 -1.565698 19.000000 1.000000 0.000109
9.000000 -181.132313 -49.586337 -1.565587 19.100000 1.000000 0.000175
9.100000 -181.122364 -51.496311 -1.565295 19.200000 1.000000 0.000459
9.200000 -181.111801 -53.416282 -1.565413 19.300000 1.000000 -0.000184
9.300000 -181.101411 -55.346254 -1.565357 19.400000 1.000000 0.000087
9.400000 -181.090858 -57.286226 -1.565240 19.500000 1.000000 0.000181
9.500000 -181.080022 -59.236196 -1.565136 19.600000 1.000000 0.000159
9.600000 -181.068929 -61.196164 -1.565041 19.700000 1.000000 0.000146
9.700000 -181.057591 -63.166132 -1.564742 19.800000 1.000000 0.000455
9.800000 -181.045604 -65.146095 -1.564843 19.900000 1.000000 -0.000153
9.900000 -181.033757 -67.136060 -1.564814 20.000000 1.000000 0.000043
10.000000 -181.021794 -69.136024 -1.564695 20.100000 1.000000 0.000179
10.100000 -181.009530 -71.145987 -1.564590 20.200000 1.000000 0.000157
10.200000 -180.996993 -73.165948 -1.564493 20.300000 1.000000 0.000143
10.300000 -180.984198 -75.195908 -1.564397 20.400000 1.000000 0.000142
10.400000 -180.971144 -77.235866 -1.564300 20.500000 1.000000 0.000143
10.500000 -180.957827 -79.285823 -1.564202 20.600000 1.000000 0.000143
10.600000 -180.944243 -81.345778 -1.564103 20.700000 1.000000 0.000144
10.700000 -180.930389 -83.415731 -1.564003 20.800000 1.000000 0.000146
10.800000 -180.916258 -85.495683 -1.563899 20.900000 1.000000 0.000150
10.900000 -180.901842 -87.585634 -1.563791 21.000000 1.000000 0.000155
11.000000 -180.887131 -89.685582 -1.563675 21.100000 1.000000 0.000166
11.100000 -180.872104 -91.795529 -1.563606 21.200000 1.000000 0.000097
11.200000 -180.856861 -93.915474 -1.563549 21.300000 1.000000 0.000082
11.300000 -180.841425 -96.045418 -1.563428 21.400000 1.000000 0.000170
11.400000 -180.825657 -98.185360 -1.563310 21.500000 1.000000 0.000166
11.500000 -180.809562 -100.335300 -1.563193 21.600000 1.000000 0.000163
11.600000 -180.793139 -102.495237 -1.563068 21.700000 1.000000 0.000174
11.700000 -180.776369 -104.665172 -1.563261 21.800000 1.000000 -0.000266
11.800000 -180.759942 -106.845110 -1.562910 21.900000 1.000000 0.000483
11.900000 -180.742671 -109.035042 -1.562765 22.000000 1.000000 0.000199
12.000000 -180.725001 -111.234971 -1.562639 22.100000 1.000000 0.000171
12.100000 -180.706974 -113.444898 -1.562501 22.200000 1.000000 0.000187
12.200000 -180.688560 -115.664822 -1.562332 22.300000 1.000000 0.000229
12.300000 -180.669684 -117.894742 -1.562542 22.400000 1.000000 -0.000282
12.400000 -180.651194 -120.134665 -1.562213 22.500000 1.000000 0.000440
12.500000 -180.631881 -122.384582 -1.562057 22.600000 1.000000 0.000208
12.600000 -180.612131 -124.644496 -1.561914 22.700000 1.000000 0.000190
12.700000 -180.591968 -126.914407 -1.561756 22.799173 0.991732 0.000208
12.800000 -180.571357 -129.194231 -1.561563 22.876680 0.775073 0.000255
12.900000 -180.550234 -131.481801 -1.561731 22.976680 1.000000 -0.000221
13.000000 -180.529405 -133.779375 -1.561379 23.076680 1.000000 0.000459
13.100000 -180.507674 -136.086941 -1.561188 23.162559 0.858782 0.000249
13.200000 -180.485419 -138.403090 -1.560988 23.227769 0.652104 0.000260
13.300000 -180.462636 -140.725755 -1.561086 23.317796 0.900267 -0.000127
13.400000 -180.439994 -143.057424 -1.560728 23.408120 0.903239 0.000460
13.500000 -180.416427 -145.398118 -1.560516 23.476742 0.686224 0.000272
13.600000 -180.392294 -147.745668 -1.560269 23.523673 0.469311 0.000316
13.700000 -180.367531 -150.097905 -1.560386 23.593795 0.701215 -0.000149
13.800000 -180.342969 -152.457156 -1.559954 23.665055 0.712600 0.000549
13.900000 -180.317312 -154.823523 -1.559674 23.713124 0.480690 0.000355
14.000000 -180.290938 -157.194689 -1.559668 23.784901 0.717777 0.000008
14.100000 -180.264469 -159.573031 -1.559251 23.855820 0.709191 0.000526
14.200000 -180.236927 -161.958454 -1.558927 23.899460 0.436399 0.000408
14.300000 -180.208560 -164.348232 -1.558837 23.965968 0.665080 0.000112
14.400000 -180.179900 -166.744658 -1.558359 24.030075 0.641066 0.000599
14.500000 -180.150014 -169.147479 -1.557968 24.066079 0.360042 0.000488
14.600000 -180.119143 -171.553889 -1.557757 24.122994 0.569147 0.000263
14.700000 -180.087689 -173.965983 -1.557150 24.175910 0.529157 0.000755
14.800000 -180.054698 -176.383349 -1.556617 24.200543 0.246338 0.000661
14.900000 -180.020384 -178.803160 -1.556202 24.244578 0.440344 0.000515
15.000000 -179.985002 -181.227360 -1.555301 24.284111 0.395328 0.001115
15.100000 -179.947374 -183.655479 -1.554443 24.295806 0.116955 0.001060
15.200000 -179.907643 -186.084735 -1.553433 24.325774 0.299682 0.001246
15.300000 -179.865409 -188.516946 -1.551685 24.349080 0.233053 0.002156
15.400000 -179.818877 -190.951409 -1.546788 24.388180 0.391001 0.006034
15.500000 -179.760330 -193.389524 -1.531239 24.418661 0.304812 0.019124
15.600000 -179.663763 -195.829480 -1.465998 24.463787 0.451262 0.079982
15.700000 -179.407856 -198.262437 -1.407596 24.499677 0.358903 0.071497
15.800000 -179.009792 -200.679851 -1.362600 24.502831 0.031540 0.055041
15.900000 -178.503330 -203.077221 -1.302812 24.522159 0.193277 0.073072
16.000000 -177.854012 -205.441909 -1.264071 24.533670 0.115113 0.047359
16.100000 -177.113247 -207.780771 -1.231018 24.560717 0.270465 0.040396
16.200000 -176.294692 -210.096426 -1.199657 24.578949 0.182322 0.038288
16.300000 -175.403268 -212.386974 -1.175707 24.612126 0.331772 0.029223
16.400000 -174.455971 -214.658580 -1.150165 24.635988 0.238621 0.031124
16.500000 -173.449992 -216.907430 -1.132517 24.673533 0.375445 0.021487
16.600000 -172.402891 -219.141577 -1.111691 24.701408 0.278751 0.025316
16.700000 -171.308258 -221.355933 -1.094226 24.695778 -0.056298 0.021208
16.800000 -170.175377 -223.550334 -1.087393 24.705144 0.093660 0.008300
16.900000 -169.027094 -225.737772 -1.066127 24.706409 0.012651 0.025819
17.000000 -167.832494 -227.900409 -1.062683 24.723557 0.171476 0.004182
17.100000 -166.629619 -230.060417 -1.046081 24.732641 0.090840 0.020142
17.200000 -165.390595 -232.200944 -1.043722 24.756728 0.240871 0.002861
17.300000 -164.145315 -234.340625 -1.030587 24.771308 0.145801 0.015916
17.400000 -162.871288 -236.465015 -1.029762 24.799154 0.278456 0.000999
17.500000 -161.594075 -238.590740 -1.019484 24.816568 0.174147 0.012433
17.600000 -160.294169 -240.704709 -1.020508 24.846812 0.302440 -0.001238
17.700000 -158.994847 -242.822585 -1.012786 24.865915 0.191026 0.009323
17.800000 -157.678197 -244.931986 -1.005228 24.850976 -0.149386 0.009118
17.900000 -156.346443 -247.030114 -1.020817 24.850696 -0.002800 -0.018817
18.000000 -155.047572 -249.148723 -1.008048 24.841323 -0.093736 0.015413
18.100000 -153.722256 -251.249783 -1.023232 24.846372 0.050492 -0.018335
18.200000 -152.428731 -253.371153 -1.016394 24.842104 -0.042681 0.008257
18.300000 -151.120954 -255.483266 -1.034445 24.851674 0.095700 -0.021796
18.400000 -149.851026 -257.619464 -1.034286 24.851658 -0.000156 0.000193
18.500000 -148.580759 -259.755458 -1.059910 24.865678 0.140195 -0.030922
18.600000 -147.364949 -261.924519 -1.074518 24.869960 0.042827 -0.017623
18.700000 -146.180750 -264.111485 -1.117662 24.888108 0.181475 -0.051997
18.800000 -145.091184 -266.349124 -1.140706 24.896065 0.079572 -0.027770
18.900000 -144.053136 -268.611997 -1.177415 24.916930 0.208644 -0.044206
19.000000 -143.098036 -270.913370 -1.198062 24.926783 0.098534 -0.024853
19.100000 -142.190293 -273.234889 -1.229849 24.949097 0.223142 -0.038239
19.200000 -141.356046 -275.586188 -1.249074 24.960866 0.117687 -0.023113
19.300000 -140.566782 -277.954206 -1.277208 24.985011 0.241456 -0.033801
19.400000 -139.843745 -280.345800 -1.295398 24.998394 0.133825 -0.021837
19.500000 -139.163961 -282.751438 -1.308797 24.977408 -0.209858 -0.016079
19.600000 -138.517016 -285.163941 -1.346253 24.970805 -0.066029 -0.044958
19.700000 -137.961013 -287.598334 -1.357267 24.955813 -0.149919 -0.013231
19.800000 -137.432172 -290.037239 -1.384974 24.954519 -0.012944 -0.033295
19.900000 -136.971125 -292.489730 -1.397758 24.943077 -0.114424 -0.015368
20.000000 -136.541664 -294.946788 -1.423984 24.945638 0.025620 -0.031533
20.100000 -136.176745 -297.414517 -1.438050 24.938767 -0.068713 -0.016914
20.200000 -135.846663 -299.886452 -1.462652 24.946198 0.074310 -0.029587
20.300000 -135.577409 -302.366499 -1.478154 24.944088 -0.021106 -0.018640
20.400000 -135.346652 -304.850211 -1.501805 24.955708 0.116203 -0.028437
20.500000 -135.174615 -307.339845 -1.518784 24.956969 0.012614 -0.020409
20.600000 -135.044868 -309.832167 -1.542221 24.970648 0.136788 -0.028165
20.700000 -134.973522 -312.328212 -1.560846 24.973473 0.028245 -0.022373
20.800000 -134.948673 -314.825436 -1.585037 24.989875 0.164020 -0.029051
20.900000 -134.984259 -317.324170 -1.605400 24.995541 0.056664 -0.024441
21.000000 -135.070736 -319.822228 -1.630474 25.014117 0.185761 -0.030085
21.100000 -135.219926 -322.319186 -1.653131 25.021789 0.076717 -0.027166
21.200000 -135.425710 -324.812889 -1.679906 25.042225 0.204360 -0.032090
21.300000 -135.698402 -327.302220 -1.705265 25.051285 0.090601 -0.030370
21.400000 -136.034248 -329.784734 -1.727583 25.025691 -0.255943 -0.026720
21.500000 -136.425011 -332.256607 -1.764489 25.014327 -0.113637 -0.044213
21.600000 -136.906497 -334.711263 -1.794521 24.993503 -0.208239 -0.036002
21.700000 -137.461010 -337.148324 -1.828993 24.987077 -0.064260 -0.041353
21.800000 -138.099023 -339.564205 -1.864247 24.971649 -0.154281 -0.042301
21.900000 -138.821346 -341.954620 -1.903301 24.970282 -0.013667 -0.046884
22.000000 -139.636405 -344.314880 -1.944687 24.958847 -0.114351 -0.049682
22.100000 -140.548003 -346.638332 -1.989627 24.960964 0.021167 -0.053964
22.200000 -141.563146 -348.918679 -2.038565 24.953174 -0.077897 -0.058751
22.300000 -142.688275 -351.145940 -2.073288 24.958270 0.050960 -0.041721
22.400000 -143.890293 -353.333246 -2.088627 24.953685 -0.045849 -0.018435
22.500000 -145.125491 -355.501460 -2.083805 24.963419 0.097336 0.005797
22.600000 -146.350698 -357.676452 -2.092981 24.963096 -0.003226 -0.011026
22.700000 -147.595794 -359.840082 -2.088691 24.975406 0.123096 0.005156
22.800000 -148.832205 -362.010104 -2.096727 24.976285 0.008789 -0.009653
22.900000 -150.086060 -364.170196 -2.091413 24.990814 0.145295 0.006383
23.000000 -151.329140 -366.338181 -2.098007 24.995471 0.046574 -0.007916
23.100000 -152.586724 -368.498325 -2.092614 25.013191 0.177197 0.006473
23.200000 -153.833522 -370.666755 -2.097639 25.019848 0.066569 -0.006027
23.300000 -155.091537 -372.829468 -2.091543 25.038426 0.185775 0.007309
23.400000 -156.337268 -375.001421 -2.095286 25.045031 0.066056 -0.004485
23.500000 -157.591452 -377.169268 -2.088185 25.062719 0.176881 0.008506
23.600000 -158.831085 -379.347503 -2.090849 25.067804 0.050847 -0.003188
23.700000 -160.076769 -381.522870 -2.082277 25.085771 0.179673 0.010259
23.800000 -161.304638 -383.710402 -2.083598 25.093365 0.075935 -0.001581
23.900000 -162.535771 -385.896970 -2.086121 25.067334 -0.260306 -0.003016
24.000000 -163.771133 -388.078161 -2.064614 25.056427 -0.109076 0.025733
24.100000 -164.958785 -390.284454 -2.072771 25.036866 -0.195611 -0.009766
24.200000 -166.163453 -392.479271 -2.055245 25.032331 -0.045345 0.020997
24.300000 -167.329261 -394.694461 -2.059495 25.019072 -0.132590 -0.005093
24.400000 -168.503850 -396.903506 -2.043194 25.019346 0.002741 0.019544
24.500000 -169.642287 -399.131428 -2.045093 25.008707 -0.106396 -0.002277
24.600000 -170.784468 -401.356238 -2.028266 25.010498 0.017913 0.020183
24.700000 -171.889131 -403.600112 -2.028493 25.001526 -0.089722 -0.000271
24.800000 -172.993905 -405.842931 -2.011170 25.005756 0.042300 0.020783
24.900000 -174.059843 -408.104933 -2.009754 24.999929 -0.058263 0.001698
25.000000 -175.122331 -410.367914 -1.992477 25.008244 0.083144 0.020729
25.100000 -176.145904 -412.649672 -1.989331 25.006530 -0.017135 0.003774
25.200000 -177.162225 -414.934483 -1.972575 25.017287 0.107568 0.020099
25.300000 -178.140541 -417.236991 -1.967747 25.017130 -0.001568 0.005790
25.400000 -179.107722 -419.544181 -1.950578 25.030566 0.134356 0.020585
25.500000 -180.035650 -421.868884 -1.944698 25.032816 0.022502 0.007048
25.600000 -180.949973 -424.199213 -1.927124 25.047716 0.149003 0.021058
25.700000 -181.823725 -426.546645 -1.916859 25.052526 0.048098 0.012294
25.800000 -182.673498 -428.903375 -1.885775 25.070029 0.175024 0.037206
25.900000 -183.450158 -431.287041 -1.866984 25.076755 0.067264 0.022482
26.000000 -184.182088 -433.685523 -1.856275 25.049338 -0.274169 0.012810
26.100000 -184.887521 -436.089074 -1.825712 25.037142 -0.121961 0.036587
26.200000 -185.518867 -438.511879 -1.824258 25.016686 -0.204557 0.001743
26.300000 -186.146176 -440.933620 -1.807345 25.011918 -0.047685 0.020278
26.400000 -186.732329 -443.365160 -1.805760 24.997991 -0.139262 0.001902
26.500000 -187.314300 -445.796272 -1.793079 24.998916 0.009247 0.015217
26.600000 -187.865418 -448.234658 -1.791566 24.991052 -0.078637 0.001815
26.700000 -188.412675 -450.673108 -1.781737 24.999084 0.080317 0.011799
26.800000 -188.936106 -453.117604 -1.780369 24.997707 -0.013772 0.001642
26.900000 -189.456162 -455.562680 -1.772461 25.012639 0.149325 0.009490
27.000000 -189.957166 -458.013254 -1.771029 25.018504 0.058648 0.001718
27.100000 -190.454777 -460.465119 -1.770398 24.992176 -0.263280 0.000756
27.200000 -190.950320 -462.914716 -1.758228 24.984397 -0.077791 0.014608
27.300000 -191.415869 -465.369398 -1.760917 24.969719 -0.146779 -0.003229
27.400000 -191.887740 -467.821378 -1.753265 24.973201 0.034814 0.009193
27.500000 -192.340897 -470.277240 -1.753842 24.970289 -0.029115 -0.000694
27.600000 -192.795420 -472.732553 -1.748249 24.982639 0.123496 0.006720
27.700000 -193.236421 -475.191585 -1.747921 24.987004 0.043656 0.000394
27.800000 -193.676691 -477.651192 -1.747847 24.961695 -0.253093 0.000088
27.900000 -194.116336 -480.108340 -1.738447 24.953916 -0.077785 0.011298
28.000000 -194.532733 -482.568745 -1.741509 24.937959 -0.159571 -0.003682
28.100000 -194.956391 -485.026291 -1.734889 24.938382 0.004225 0.007965
28.200000 -195.363777 -487.486629 -1.736162 24.932446 -0.059354 -0.001532
28.300000 -195.774199 -489.945861 -1.731032 24.946018 0.135718 0.006173
28.400000 -196.172215 -492.408507 -1.731207 24.955502 0.094839 -0.000210
28.500000 -196.570814 -494.872018 -1.727670 24.978994 0.234922 0.004253
28.600000 -196.961063 -497.339245 -1.727302 24.991186 0.121920 0.000442
28.700000 -197.350593 -499.807819 -1.727490 24.970026 -0.211599 -0.000227
28.800000 -197.740259 -502.274230 -1.720170 24.965527 -0.044997 0.008794
28.900000 -198.111794 -504.742982 -1.722153 24.954401 -0.111253 -0.002383
29.000000 -198.488056 -507.209893 -1.717284 24.961646 0.072442 0.005853
29.100000 -198.852408 -509.679323 -1.717917 24.963410 0.017640 -0.000761
29.200000 -199.218349 -512.148697 -1.714179 24.984597 0.211874 0.004492
29.300000 -199.575359 -514.621518 -1.713980 25.000857 0.162598 0.000240
29.400000 -199.932108 -517.096020 -1.713577 24.988445 -0.124122 0.000483
29.500000 -200.287684 -519.569436 -1.708379 24.998147 0.097020 0.006241
29.600000 -200.630531 -522.045629 -1.708800 25.005125 0.069781 -0.000505
29.700000 -200.974517 -524.522368 -1.705875 25.025923 0.207983 0.003510
29.800000 -201.311536 -527.002164 -1.705621 25.034414 0.084908 0.000305
29.900000 -201.648038 -529.482886 -1.702549 25.054382 0.199677 0.003681
30.000000 -201.977182 -531.966610 -1.702172 25.062400 0.080187 0.000452
30.100000 -202.305494 -534.451253 -1.699156 25.082149 0.197487 0.003610
30.200000 -202.626563 -536.938833 -1.698707 25.090040 0.078915 0.000537
30.300000 -202.946617 -539.427340 -1.698924 25.063200 -0.268405 -0.000259
30.400000 -203.266867 -541.913116 -1.692558 25.050211 -0.129895 0.007619
30.500000 -203.571130 -544.399590 -1.694583 25.027441 -0.227695 -0.002424
30.600000 -203.880145 -546.883184 -1.689457 25.018311 -0.091300 0.006144
30.700000 -204.176319 -549.367422 -1.690930 24.999105 -0.192061 -0.001766
30.800000 -204.475922 -551.849315 -1.686102 24.993034 -0.060706 0.005794
30.900000 -204.763468 -554.332022 -1.687254 24.976355 -0.166797 -0.001382
31.000000 -205.053680 -556.812740 -1.682304 24.980166 0.038115 0.005945
31.100000 -205.331652 -559.295242 -1.682669 24.981608 0.014422 -0.000437
31.200000 -205.610545 -561.777786 -1.682481 24.955695 -0.259133 0.000225
31.300000 -205.888683 -564.257808 -1.675983 24.951966 -0.037292 0.007812
31.400000 -206.150660 -566.739214 -1.677233 24.944813 -0.071531 -0.001503
31.500000 -206.415662 -569.219579 -1.673342 24.957226 0.124134 0.004679
31.600000 -206.671139 -571.702191 -1.672918 24.963718 0.064919 0.000509
31.700000 -206.925630 -574.185557 -1.669623 24.986924 0.232061 0.003960
31.800000 -207.172165 -576.672057 -1.668623 25.001568 0.146433 0.001201
31.900000 -207.416356 -579.160260 -1.667909 24.983256 -0.183113 0.000856
32.000000 -207.658594 -581.646814 -1.662436 24.979687 -0.035692 0.006572
32.100000 -207.887187 -584.134302 -1.662558 24.966122 -0.135651 -0.000146
32.200000 -208.115959 -586.620410 -1.657810 24.972047 0.059245 0.005705
32.300000 -208.332977 -589.108167 -1.657099 24.973837 0.017906 0.000855
32.400000 -208.548239 -591.596256 -1.653317 24.993416 0.195788 0.004543
32.500000 -208.754252 -594.087093 -1.651786 25.004830 0.114138 0.001838
32.600000 -208.956544 -596.579380 -1.650616 24.983109 -0.217211 0.001404
32.700000 -209.155747 -599.069736 -1.644310 24.977506 -0.056023 0.007573
32.800000 -209.339199 -601.560741 -1.643472 24.966380 -0.111258 0.001006
32.900000 -209.520485 -604.050788 -1.638616 24.973561 0.071807 0.005835
33.000000 -209.689725 -606.542403 -1.636825 24.972679 -0.008823 0.002152
33.100000 -209.854496 -609.034229 -1.632125 24.986581 0.139022 0.005646
33.200000 -210.007640 -611.528190 -1.629460 24.992891 0.063104 0.003200
33.300000 -210.154174 -614.023180 -1.624606 25.014314 0.214227 0.005827
33.400000 -210.288709 -616.520990 -1.621287 25.026450 0.121364 0.003980
33.500000 -210.415015 -619.020446 -1.618296 25.006945 -0.195058 0.003585
33.600000 -210.533753 -621.518320 -1.610743 25.002701 -0.042433 0.009061
33.700000 -210.633605 -624.016596 -1.607177 24.991054 -0.116468 0.004279
33.800000 -210.724505 -626.514047 -1.600153 24.996127 0.050728 0.008432
33.900000 -210.797873 -629.012583 -1.595321 24.993402 -0.027248 0.005799
34.000000 -210.859162 -631.511172 -1.587518 25.006504 0.131013 0.009365
34.100000 -210.900976 -634.011472 -1.581098 25.011283 0.047798 0.007702
34.200000 -210.926742 -636.512468 -1.571913 25.031112 0.198288 0.011017
34.300000 -210.929537 -639.015578 -1.563450 25.042074 0.109621 0.010143
34.400000 -210.911139 -641.519718 -1.555397 25.021038 -0.210365 0.009647
34.500000 -210.872609 -644.021525 -1.539509 25.016100 -0.049381 0.019047
34.600000 -210.794353 -646.521910 -1.527018 25.003309 -0.127906 0.014978
34.700000 -210.684928 -649.019846 -1.508243 25.004253 0.009439 0.022523
34.800000 -210.528621 -651.515381 -1.489504 24.994336 -0.099166 0.022479
34.900000 -210.325660 -654.006560 -1.460108 24.998220 0.038834 0.035269
35.000000 -210.049522 -656.491084 -1.428265 24.992195 -0.060253 0.038195
35.100000 -209.694511 -658.964960 -1.385880 25.000438 0.082433 0.050834
35.200000 -209.234843 -661.422383 -1.365770 24.999020 -0.014175 0.024127
35.300000 -208.725880 -663.869926 -1.356675 25.010622 0.116015 0.010914
35.400000 -208.194433 -666.313872 -1.344040 25.010861 0.002390 0.015155
35.500000 -207.632142 -668.750932 -1.332701 25.024272 0.134114 0.013600
35.600000 -207.041939 -671.182763 -1.317135 25.026878 0.026057 0.018659
35.700000 -206.413889 -673.605365 -1.302715 25.042103 0.152254 0.017284
35.800000 -205.750568 -676.020127 -1.284164 25.046089 0.039859 0.022219
35.900000 -205.042457 -678.422552 -1.266338 25.062334 0.162446 0.021348
36.000000 -204.291148 -680.813522 -1.244229 25.066809 0.044757 0.026459
36.100000 -203.487022 -683.187723 -1.222493 25.083421 0.166119 0.026009
36.200000 -202.630915 -685.545447 -1.196147 25.088437 0.050156 0.031500
36.300000 -201.712813 -687.880267 -1.169819 25.105384 0.169471 0.031472
36.400000 -200.732903 -690.191669 -1.138545 25.110566 0.051817 0.037353
36.500000 -199.680981 -692.471772 -1.106930 25.127260 0.166939 0.037754
36.600000 -198.556764 -694.718976 -1.069899 25.131956 0.046964 0.044183
36.700000 -197.349894 -696.923430 -1.032281 25.147904 0.159481 0.044874
36.800000 -196.060154 -699.082305 -0.988724 25.151921 0.040169 0.051914
36.900000 -194.677411 -701.183308 -0.944624 25.166889 0.149678 0.052552
37.000000 -193.202512 -703.222522 -0.894139 25.169765 0.028765 0.060108
37.100000 -191.626407 -705.184935 -0.843482 25.184293 0.145274 0.060305
37.200000 -189.951989 -707.066108 -0.786325 25.186626 0.023334 0.067982
37.300000 -188.172677 -708.848721 -0.730391 25.200645 0.140188 0.066524
37.400000 -186.295447 -710.530010 -0.667764 25.202061 0.014164 0.074417
37.500000 -184.316560 -712.090601 -0.608960 25.214490 0.124288 0.069884
37.600000 -182.248359 -713.532908 -0.543011 25.214350 -0.001404 0.078305
37.700000 -180.089615 -714.835775 -0.483967 25.225011 0.106608 0.070135
37.800000 -177.856808 -716.009480 -0.417393 25.223091 -0.019195 0.079012
37.900000 -175.551042 -717.031970 -0.362504 25.232648 0.095566 0.065191
38.000000 -173.191760 -717.926762 -0.297989 25.230268 -0.023793 0.076554
38.100000 -170.779926 -718.667520 -0.249475 25.239083 0.088143 0.057622
38.200000 -168.334152 -719.290660 -0.186477 25.235328 -0.037547 0.074742
38.300000 -165.854369 -719.758519 -0.116350 25.241713 0.063853 0.083175
38.400000 -163.347264 -720.051545 -0.023802 25.235177 -0.065359 0.109554
38.500000 -160.824461 -720.111603 0.043758 25.239437 0.042592 0.080144
38.600000 -158.302933 -720.001196 0.124076 25.230908 -0.085281 0.095179
38.700000 -155.799239 -719.688945 0.170822 25.233126 0.022180 0.055525
38.800000 -153.312652 -719.260002 0.240897 25.223092 -0.100343 0.083122
38.900000 -150.863176 -718.658244 0.274009 25.224132 0.010396 0.039362
39.000000 -148.434864 -717.975697 0.338554 25.213216 -0.109156 0.076616
39.100000 -146.056663 -717.138308 0.362850 25.213851 0.006348 0.028901
39.200000 -143.699448 -716.243367 0.425403 25.202267 -0.115837 0.074290
39.300000 -141.403842 -715.203300 0.444102 25.201128 -0.011389 0.022255
39.400000 -139.128188 -714.120542 0.506963 25.188054 -0.130741 0.074693
39.500000 -136.926190 -712.897599 0.522279 25.186550 -0.015044 0.018239
39.600000 -134.743310 -711.641153 0.587830 25.173524 -0.130255 0.077921
39.700000 -132.648505 -710.245138 0.603023 25.172073 -0.014512 0.018104
39.800000 -130.575271 -708.817542 0.672578 25.159483 -0.125899 0.082706
39.900000 -128.607250 -707.250095 0.691246 25.158251 -0.012319 0.022256
40.000000 -126.668927 -705.646262 0.767637 25.145678 -0.125735 0.090841
40.100000 -124.859561 -703.900053 0.792826 25.144888 -0.007898 0.030043
40.200000 -123.094805 -702.108883 0.880541 25.132857 -0.120315 0.104272
40.300000 -121.494510 -700.170930 0.918796 25.131907 -0.009497 0.045631
40.400000 -119.969562 -698.173267 1.024517 25.119121 -0.127861 0.125536
40.500000 -118.664594 -696.026930 1.075212 25.118387 -0.007334 0.060472
40.600000 -117.470101 -693.817288 1.179926 25.108087 -0.103009 0.124418
40.700000 -116.513500 -691.495849 1.207844 25.109797 0.017109 0.033345
40.800000 -115.622012 -689.148453 1.298235 25.101280 -0.085173 0.107579
40.900000 -114.946289 -686.730988 1.312421 25.105160 0.038804 0.016952
41.000000 -114.304826 -684.303805 1.393874 25.098686 -0.064743 0.097029
41.100000 -113.863086 -681.833115 1.656027 25.071081 -0.276055 0.303656
41.200000 -114.076509 -679.335108 1.156177 25.079521 0.084404 -0.539035
41.300000 -113.066203 -677.039655 1.714125 25.063583 -0.159378 0.588520
41.400000 -113.424208 -674.558997 1.213904 25.063546 -0.000376 -0.539495
41.500000 -112.548577 -672.210575 1.772886 25.062034 -0.015120 0.589670
41.600000 -113.051614 -669.755375 1.132710 25.045928 -0.161062 -0.653858
41.700000 -111.989149 -667.487303 1.871391 25.045606 -0.003213 0.724349
41.800000 -112.730720 -665.095045 1.364301 25.045048 -0.005583 -0.545843
41.900000 -112.217220 -662.643748 2.053796 25.030927 -0.141207 0.690339
42.000000 -113.379751 -660.426995 1.244956 25.039389 0.084618 -0.769866
42.100000 -112.578228 -658.054808 1.933625 25.046495 0.071055 0.689861
42.200000 -113.467179 -655.713219 1.278379 25.035533 -0.109612 -0.665426
42.300000 -112.745484 -653.315943 1.948593 25.040198 0.046645 0.676638
42.400000 -113.669151 -650.988507 1.597973 25.037681 -0.025164 -0.397686
42.500000 -113.737186 -648.485664 1.700903 25.048917 0.112358 0.122711
42.600000 -114.062171 -646.001943 1.688067 25.050124 0.012073 -0.015372
42.700000 -114.355263 -643.514136 1.734915 25.063462 0.133374 0.056046
42.800000 -114.764757 -641.041468 1.708979 25.067192 0.037305 -0.031035
42.900000 -115.110041 -638.558643 1.749271 25.084997 0.178045 0.048183
43.000000 -115.555371 -636.089989 1.726721 25.094322 0.093248 -0.026961
43.100000 -115.945070 -633.611001 1.555787 25.079569 -0.147530 -0.201575
43.200000 -115.907428 -631.103326 2.037110 25.081192 0.016230 0.522401
43.300000 -117.035069 -628.862994 1.658407 25.074128 -0.070638 -0.425323
43.400000 -117.254463 -626.365198 1.762091 25.078089 0.039607 0.123423
43.500000 -117.731273 -623.903135 1.740862 25.071377 -0.067118 -0.025391
43.600000 -118.155598 -621.432166 1.787822 25.076031 0.046546 0.056133
43.700000 -118.695550 -618.983385 1.747414 25.069961 -0.060704 -0.048305
43.800000 -119.136031 -616.515389 1.791138 25.074854 0.048933 0.052275
43.900000 -119.684076 -614.068528 1.752619 25.069872 -0.049824 -0.046053
44.000000 -120.137395 -611.602866 1.795006 25.079999 0.101277 0.050680
44.100000 -120.695013 -609.157641 1.759252 25.082362 0.023626 -0.042742
44.200000 -121.164911 -606.693814 1.722171 25.054225 -0.281371 -0.044321
44.300000 -121.542723 -604.217042 1.811079 25.063622 0.093970 0.106059
44.400000 -122.139180 -601.782686 1.745135 25.040003 -0.236191 -0.078769
44.500000 -122.573516 -599.316642 1.800090 25.052777 0.127738 0.065745
44.600000 -123.142939 -596.876935 1.744769 25.033568 -0.192090 -0.066148
44.700000 -123.576261 -594.411366 1.799765 25.028252 -0.053157 0.065811
44.800000 -124.144335 -591.973862 1.729773 25.014044 -0.142082 -0.083699
44.900000 -124.540327 -589.504001 1.787045 25.013777 -0.002666 0.068579
45.000000 -125.077040 -587.060882 1.725660 25.005179 -0.085981 -0.073489
45.100000 -125.462733 -584.590289 1.769881 25.010949 0.057695 0.053005
45.200000 -125.957380 -582.138596 1.715977 25.007889 -0.030597 -0.064566
45.300000 -126.319173 -579.664116 1.749140 25.018305 0.104159 0.039762
45.400000 -126.762998 -577.201967 1.700752 25.019629 0.013242 -0.057959
45.500000 -127.087227 -574.721102 1.724690 25.034031 0.144017 0.028696
45.600000 -127.470968 -572.247285 1.678053 25.038407 0.043763 -0.055831
45.700000 -127.739006 -569.757832 1.464260 25.019508 -0.188992 -0.250765
45.800000 -127.472962 -567.270066 2.101795 25.025295 0.057866 0.652682
45.900000 -128.740231 -565.112131 1.332686 25.029489 0.041944 -0.744837
46.000000 -128.149867 -562.679802 2.027922 25.017793 -0.116959 0.694719
46.100000 -129.254079 -560.434893 1.216601 25.028147 0.103535 -0.771659
46.200000 -128.386014 -558.087439 1.850707 25.036353 0.082063 0.649916
46.300000 -129.077692 -555.681245 1.159268 25.025185 -0.111679 -0.691892
46.400000 -128.076659 -553.387660 1.903507 25.034866 0.096813 0.728482
46.500000 -128.894314 -551.021463 1.231306 25.041854 0.069877 -0.678097
46.600000 -128.060403 -548.660206 1.897520 25.030140 -0.117136 0.673594
46.700000 -128.863724 -546.289604 1.209224 25.033112 0.029718 -0.689776
46.800000 -127.978190 -543.948152 1.713994 25.033792 0.006801 0.544031
46.900000 -128.335445 -541.470396 1.270965 25.047830 0.140376 -0.488075
47.000000 -127.595634 -539.077360 1.655864 25.056339 0.085090 0.431962
47.100000 -127.808526 -536.580787 1.074679 25.046301 -0.100381 -0.607938
47.200000 -126.616285 -534.378122 1.480153 25.047833 0.015317 0.452117
47.300000 -126.389553 -531.883622 1.812024 25.049367 0.015344 0.378337
47.400000 -126.987971 -529.451215 1.026609 25.035709 -0.136574 -0.754820
47.500000 -125.691815 -527.309289 1.826068 25.043817 0.081073 0.763942
47.600000 -126.324192 -524.886062 1.136006 25.050097 0.062802 -0.690767
47.700000 -125.269031 -522.614123 1.809500 25.037779 -0.123176 0.678739
47.800000 -125.861033 -520.181339 1.125494 25.042335 0.045555 -0.686560
47.900000 -124.782382 -517.921317 1.485149 25.040018 -0.023164 0.406821
48.000000 -124.568183 -515.426494 1.384704 25.051897 0.118790 -0.119766
48.100000 -124.104673 -512.964557 1.393984 25.055190 0.032931 0.011113
48.200000 -123.663972 -510.498100 1.348586 25.071946 0.167557 -0.054304
48.300000 -123.111421 -508.052550 1.368817 25.078591 0.066445 0.024203
48.400000 -122.608323 -505.595673 1.327661 25.096350 0.177591 -0.049193
48.500000 -122.004136 -503.159851 1.342522 25.103244 0.068938 0.017763
48.600000 -121.436057 -500.714649 1.365616 25.077556 -0.256874 0.027593
48.700000 -120.925119 -498.259495 1.262368 25.088664 0.111081 -0.122892
48.800000 -120.163525 -495.869017 1.308577 25.066383 -0.222814 0.055199
48.900000 -119.513743 -493.448063 1.223694 25.057067 -0.093161 -0.101243
49.000000 -118.661365 -491.091791 1.275189 25.039406 -0.176604 0.061576
49.100000 -117.931915 -488.696457 1.185031 25.034566 -0.048406 -0.107603
49.200000 -116.989944 -486.376978 1.220922 25.021275 -0.132907 0.042983
49.300000 -116.132265 -484.026440 1.133975 25.020361 -0.009146 -0.103872
49.400000 -115.073751 -481.759342 1.154178 25.010627 -0.097332 0.024218
49.500000 -114.061644 -479.472214 1.062064 25.014552 0.039245 -0.110043
49.600000 -112.843259 -477.287537 1.064890 25.009471 -0.050811 0.003390
49.700000 -111.631299 -475.099869 0.963888 25.016807 0.073362 -0.120570
49.800000 -110.204514 -473.044951 0.940684 25.014383 -0.024238 -0.027819
49.900000 -108.730577 -471.023885 0.815470 25.024210 0.098268 -0.149056
50.000000 -107.015103 -469.202002 0.763103 25.023487 -0.007227 -0.062698
50.100000 -105.206668 -467.472461 0.660011 25.034601 0.111137 -0.122971
50.200000 -103.228970 -465.937527 0.636929 25.035058 0.004570 -0.027653
50.300000 -101.216336 -464.448619 0.555165 25.047603 0.125449 -0.097667
50.400000 -99.087757 -463.128402 0.534391 25.049345 0.017425 -0.024876
50.500000 -96.932063 -461.852596 0.459597 25.062845 0.135002 -0.089337
50.600000 -94.685852 -460.740842 0.439278 25.064920 0.020746 -0.024316
50.700000 -92.417329 -459.674865 0.368611 25.078951 0.140311 -0.084381
50.800000 -90.077892 -458.771220 0.347768 25.082096 0.031451 -0.024927
50.900000 -87.719834 -457.916422 0.280958 25.097796 0.156997 -0.079739
51.000000 -85.308463 -457.220519 0.258703 25.102717 0.049206 -0.026597
51.100000 -82.881726 -456.578325 0.194983 25.119969 0.172524 -0.076004
51.200000 -80.417330 -456.091625 0.170511 25.125890 0.059212 -0.029218
51.300000 -77.941178 -455.665274 0.108153 25.143215 0.173253 -0.074318
51.400000 -75.441547 -455.393873 0.081265 25.148148 0.049331 -0.032071
51.500000 -72.935031 -455.189733 0.017568 25.164204 0.160556 -0.075840
51.600000 -70.418999 -455.145527 -0.012567 25.168143 0.039394 -0.035910
51.700000 -67.902384 -455.177156 -0.078127 25.183030 0.148869 -0.077987
51.800000 -65.391762 -455.373702 -0.112249 25.185719 0.026891 -0.040627
51.900000 -62.889040 -455.655816 -0.180880 25.198956 0.132364 -0.081569
52.000000 -60.410255 -456.109134 -0.219847 25.199860 0.009042 -0.046358
52.100000 -57.950923 -456.658694 -0.293153 25.211651 0.117908 -0.087049
52.200000 -55.537317 -457.387241 -0.336963 25.210438 -0.012130 -0.052083
52.300000 -53.158049 -458.220754 -0.415995 25.220581 0.101428 -0.093771
52.400000 -50.851086 -459.239919 -0.466395 25.219207 -0.013741 -0.059879
52.500000 -48.598518 -460.373949 -0.551961 25.229204 0.099972 -0.101438
52.600000 -46.450257 -461.696863 -0.617067 25.227383 -0.018213 -0.077262
52.700000 -44.392764 -463.156634 -0.719304 25.237295 0.099124 -0.120986
52.800000 -42.494253 -464.819422 -0.793450 25.235283 -0.020117 -0.087911
52.900000 -40.724274 -466.618135 -0.895701 25.244710 0.094268 -0.120964
53.000000 -39.146551 -468.588857 -0.969226 25.242719 -0.019910 -0.087154
53.100000 -37.717971 -470.669989 -1.061784 25.252148 0.094289 -0.109561
53.200000 -36.487397 -472.875073 -1.127127 25.249618 -0.025300 -0.077472
53.300000 -35.403541 -475.155575 -1.205453 25.259230 0.096121 -0.092795
53.400000 -34.501103 -477.514789 -1.259692 25.256821 -0.024094 -0.064330
53.500000 -33.727966 -479.919229 -1.322120 25.265829 0.090085 -0.074016
53.600000 -33.106120 -482.368091 -1.366115 25.263286 -0.025434 -0.052192
53.700000 -32.592632 -484.841685 -1.415179 25.272894 0.096088 -0.058197
53.800000 -32.200928 -487.338435 -1.449884 25.270384 -0.025103 -0.041173
53.900000 -31.896123 -489.847024 -1.487872 25.279361 0.089767 -0.045066
54.000000 -31.686735 -492.366273 -1.515734 25.277158 -0.022030 -0.033053
54.100000 -31.547623 -494.890158 -1.545164 25.287005 0.098474 -0.034914
54.200000 -31.482813 -497.418028 -1.567226 25.284981 -0.020240 -0.026168
54.300000 -31.473784 -499.946510 -1.589955 25.295061 0.100794 -0.026962
54.400000 -31.522244 -502.475552 -1.607644 25.293439 -0.016222 -0.020976
54.500000 -31.615425 -505.003179 -1.620819 25.256672 -0.367662 -0.015624
54.600000 -31.741711 -507.525687 -1.640802 25.234802 -0.218702 -0.023732
54.700000 -31.918226 -510.042986 -1.652568 25.202765 -0.320372 -0.013987
54.800000 -32.124083 -512.554841 -1.663573 25.183927 -0.188380 -0.013100
54.900000 -32.357398 -515.062403 -1.673694 25.155756 -0.281710 -0.012056
55.000000 -32.615789 -517.564673 -1.680997 25.143369 -0.123865 -0.008709
55.100000 -32.892310 -520.063758 -1.689058 25.123452 -0.199175 -0.009618
55.200000 -33.188732 -522.558555 -1.693361 25.116778 -0.066741 -0.005138
55.300000 -33.495804 -525.051391 -1.699509 25.098934 -0.178442 -0.007343
55.400000 -33.817968 -527.540522 -1.701003 25.093855 -0.050783 -0.001786
55.500000 -34.143785 -530.028666 -1.705414 25.078097 -0.157579 -0.005273
55.600000 -34.480361 -532.513787 -1.704411 25.075147 -0.029507 0.001199
55.700000 -34.814406 -534.998952 -1.706975 25.061254 -0.138926 -0.003067
55.800000 -35.154633 -537.481875 -1.703556 25.060718 -0.005361 0.004093
55.900000 -35.486361 -539.965895 -1.703956 25.051520 -0.091984 -0.000479
56.000000 -35.818961 -542.448869 -1.698447 25.057803 0.062831 0.006598
56.100000 -36.137957 -544.934262 -1.696514 25.054633 -0.031696 0.002314
56.200000 -36.452108 -547.419952 -1.688959 25.064081 0.094479 0.009045
56.300000 -36.747584 -549.908883 -1.684276 25.063909 -0.001716 0.005605
56.400000 -37.031399 -552.399153 -1.674041 25.077840 0.139303 0.012251
56.500000 -37.289854 -554.893583 -1.666633 25.080402 0.025620 0.008862
56.600000 -37.529847 -557.390114 -1.653342 25.096151 0.157493 0.015896
56.700000 -37.736771 -559.891184 -1.642472 25.100477 0.043265 0.012993
56.800000 -37.916527 -562.394787 -1.625519 25.117231 0.167535 0.020259
56.900000 -38.053908 -564.902750 -1.610418 25.122666 0.054352 0.018035
57.000000 -38.153423 -567.413045 -1.588784 25.140315 0.176486 0.025828
57.100000 -38.198642 -569.926670 -1.568472 25.146160 0.058452 0.024234
57.200000 -38.192796 -572.441279 -1.549716 25.117691 -0.284692 0.022372
57.300000 -38.139852 -574.952490 -1.510389 25.103164 -0.145271 0.046937
57.400000 -37.988304 -577.458228 -1.482213 25.079303 -0.238602 0.033660
57.500000 -37.766435 -579.956325 -1.439679 25.072051 -0.072523 0.050836
57.600000 -37.438637 -582.442009 -1.406771 25.056866 -0.151852 0.039355
57.700000 -37.029483 -584.914064 -1.375866 25.054618 -0.022480 0.036985
57.800000 -36.544180 -587.372076 -1.347534 25.041409 -0.132092 0.033912
57.900000 -35.989733 -589.814065 -1.319120 25.041476 0.000674 0.034027
58.000000 -35.366132 -592.239323 -1.290722 25.031670 -0.098063 0.034009
58.100000 -34.674188 -594.644953 -1.264600 25.036433 0.047635 0.031297
58.200000 -33.919504 -597.032145 -1.236874 25.032408 -0.040251 0.033211
58.300000 -33.099063 -599.397116 -1.212651 25.044219 0.118107 0.029022
58.400000 -32.221167 -601.742629 -1.185941 25.048241 0.040223 0.031984
58.500000 -31.280793 -604.064232 -1.162838 25.021492 -0.267497 0.027663
58.600000 -30.288101 -606.361037 -1.141888 25.010971 -0.105205 0.025114
58.700000 -29.247948 -608.635585 -1.111977 24.991176 -0.197946 0.035862
58.800000 -28.141114 -610.876233 -1.096505 24.985689 -0.054875 0.018571
58.900000 -26.999997 -613.099002 -1.067819 24.971445 -0.142435 0.034430
59.000000 -25.796282 -615.286878 -1.053002 24.973036 0.015901 0.017799
59.100000 -24.560205 -617.456817 -1.026050 24.967045 -0.059901 0.032366
59.200000 -23.266410 -619.592146 -1.011211 24.978136 0.110903 0.017829
59.300000 -21.940482 -621.708980 -0.986380 24.982529 0.043929 0.029813
59.400000 -20.562166 -623.792610 -0.971202 25.003163 0.206341 0.018224
59.500000 -19.151219 -625.856783 -0.947955 25.013319 0.101565 0.027887
59.600000 -17.692078 -627.888425 -0.933559 25.035303 0.219835 0.017264
59.700000 -16.202535 -629.900619 -0.911117 25.045952 0.106492 0.026887
59.800000 -14.667559 -631.879721 -0.890449 25.022746 -0.232060 0.024750
59.900000 -13.093471 -633.824876 -0.884865 25.015041 -0.077047 0.006695
60.000000 -11.509034 -635.760614 -0.854782 24.999444 -0.155977 0.036063
60.100000 -9.868112 -637.646641 -0.848958 25.000279 0.008359 0.006989
60.200000 -8.216179 -639.523142 -0.822571 24.993834 -0.064456 0.031653
60.300000 -6.515751 -641.354934 -0.814673 25.004414 0.105806 0.009480
60.400000 -4.800183 -643.174008 -0.791058 25.008009 0.035944 0.028325
60.500000 -3.041886 -644.952322 -0.781479 25.028891 0.208825 0.011491
60.600000 -1.265153 -646.715181 -0.760078 25.042784 0.138927 0.025646
60.700000 0.549904 -648.440573 -0.741655 25.026075 -0.167095 0.022065
60.800000 2.395205 -650.131108 -0.738358 25.026854 0.007789 0.003953
60.900000 4.246129 -651.815601 -0.710627 25.018027 -0.088261 0.033228
61.000000 6.142377 -653.447550 -0.706234 25.021267 0.032400 0.005269
61.100000 8.046024 -655.071363 -0.680458 25.013324 -0.079430 0.030895
61.200000 9.990271 -656.645074 -0.676435 25.017785 0.044603 0.004825
61.300000 11.941182 -658.211229 -0.650771 25.011274 -0.065104 0.030765
61.400000 13.931122 -659.726412 -0.646746 25.017301 0.060271 0.004828
61.500000 15.927624 -661.233937 -0.621389 25.012392 -0.049091 0.030398
61.600000 17.961309 -662.690071 -0.617197 25.019967 0.075743 0.005028
61.700000 20.001697 -664.138104 -0.592126 25.016480 -0.034867 0.030051
61.800000 22.077454 -665.534341 -0.587719 25.025254 0.087736 0.005286
61.900000 24.160075 -666.921901 -0.562801 25.022704 -0.025492 0.029862
62.000000 26.276405 -668.257005 -0.558237 25.032046 0.093416 0.005472
62.100000 28.399599 -669.582932 -0.533239 25.029690 -0.023555 0.029950
62.200000 30.555068 -670.855255 -0.528670 25.038735 0.090445 0.005477
62.300000 32.717110 -672.118172 -0.504464 25.039301 0.005662 0.028994
62.400000 34.909135 -673.328417 -0.498419 25.057845 0.185435 0.007242
62.500000 37.110064 -674.526276 -0.475319 25.069422 0.115769 0.027649
62.600000 39.339104 -675.673508 -0.454894 25.049871 -0.195503 0.024437
62.700000 41.589353 -676.774116 -0.457946 25.048148 -0.017236 -0.003655
62.800000 43.836078 -677.881511 -0.425982 25.039603 -0.085443 0.038264
62.900000 46.116268 -678.916186 -0.423350 25.047325 0.077212 0.003154
63.000000 48.399877 -679.945172 -0.395474 25.046719 -0.006050 0.033375
63.100000 50.711223 -680.910087 -0.389986 25.060705 0.139859 0.006573
63.200000 53.029124 -681.862835 -0.363432 25.064820 0.041142 0.031777
63.300000 55.371888 -682.753850 -0.356278 25.081809 0.169891 0.008563
63.400000 57.722559 -683.628674 -0.329867 25.087397 0.055885 0.031580
63.500000 60.096041 -684.441297 -0.321864 25.104164 0.167664 0.009569
63.600000 62.477541 -685.235430 -0.295203 25.109835 0.056711 0.031849
63.700000 64.879907 -685.965962 -0.269820 25.083754 -0.260802 0.030317
63.800000 67.297526 -686.634590 -0.278124 25.075339 -0.084159 -0.009931
63.900000 69.708701 -687.323040 -0.235271 25.059864 -0.154746 0.051225
64.000000 72.145651 -687.907201 -0.235474 25.059823 -0.000414 -0.000243
64.100000 74.582478 -688.491855 -0.197898 25.050689 -0.091332 0.044953
64.200000 77.038653 -688.984373 -0.194452 25.054790 0.041005 0.004127
64.300000 79.496913 -689.468503 -0.157365 25.047896 -0.068935 0.044377
64.400000 81.970753 -689.861045 -0.153061 25.055554 0.076572 0.005155
64.500000 84.447016 -690.243051 -0.116639 25.055344 -0.002097 0.043581
64.600000 86.935526 -690.534633 -0.107434 25.070598 0.152543 0.011021
64.700000 89.428131 -690.803459 -0.072187 25.076441 0.058431 0.042152
64.800000 91.929245 -690.984322 -0.037152 25.048917 -0.275240 0.041890
64.900000 94.432408 -691.077362 -0.041377 25.058917 0.099994 -0.005061
65.000000 96.936155 -691.181019 0.004652 25.033846 -0.250707 0.055050
65.100000 99.439512 -691.169373 0.000739 25.025181 -0.086648 -0.004689
65.200000 101.942030 -691.167523 0.057707 25.011882 -0.132992 0.068186
65.300000 104.439054 -691.023268 0.055682 25.017777 0.058950 -0.002428
65.400000 106.936955 -690.884036 0.097758 25.017580 -0.001973 0.050412
65.500000 109.426768 -690.639860 0.102592 25.033605 0.160252 0.005797
65.600000 111.916966 -690.383484 0.139313 25.041019 0.074137 0.043978
65.700000 114.396807 -690.035757 0.174746 25.015938 -0.250804 0.042424
65.800000 116.860304 -689.600836 0.160583 25.029574 0.136360 -0.016983
65.900000 119.331059 -689.200629 0.205905 25.009268 -0.203065 0.054269
66.000000 121.779156 -688.689305 0.196734 25.002546 -0.067218 -0.011001
66.100000 124.231182 -688.200587 0.254283 24.986142 -0.164042 0.068942
66.200000 126.649450 -687.572058 0.238578 24.982391 -0.037506 -0.018854
66.300000 129.076927 -686.981671 0.292805 24.968283 -0.141081 0.065026
66.400000 131.467485 -686.260990 0.277184 24.966270 -0.020127 -0.018767
66.500000 133.868816 -685.577792 0.325375 24.957823 -0.084470 0.057843
66.600000 136.233646 -684.779979 0.315144 24.969805 0.119823 -0.012297
66.700000 138.607655 -684.006031 0.355515 24.977609 0.078034 0.048465
66.800000 140.949224 -683.136627 0.387024 24.957208 -0.204010 0.037826
66.900000 143.260353 -682.194658 0.355173 24.957688 0.004805 -0.038268
67.000000 145.600351 -681.326747 0.410674 24.952809 -0.048798 0.066615
67.100000 147.888154 -680.330563 0.399718 24.960762 0.079539 -0.013171
67.200000 150.187467 -679.359193 0.441511 24.957623 -0.031390 0.050189
67.300000 152.443903 -678.292738 0.428368 24.966436 0.088124 -0.015798
67.400000 154.714962 -677.255666 0.468886 24.964428 -0.020076 0.048649
67.500000 156.941969 -676.127541 0.455368 24.974739 0.103110 -0.016244
67.600000 159.184949 -675.029170 0.493720 24.974517 -0.002223 0.046036
67.700000 161.384145 -673.845616 0.480401 24.986999 0.124824 -0.015997
67.800000 163.600016 -672.690879 0.516016 24.989212 0.022130 0.042734
67.900000 165.773558 -671.457865 0.503443 25.004496 0.152840 -0.015093
68.000000 167.963769 -670.251539 0.535917 25.009725 0.052282 0.038943
68.100000 170.114106 -668.974467 0.524439 25.028337 0.186124 -0.013768
68.200000 172.280572 -667.721231 0.553585 25.037036 0.086991 0.034922
68.300000 174.410336 -666.404933 0.583782 25.013320 -0.237165 0.036168
68.400000 176.497407 -665.026240 0.529867 25.004914 -0.084054 -0.064574
68.500000 178.655018 -663.762446 0.589970 24.989392 -0.155221 0.071986
68.600000 180.731529 -662.372196 0.553427 24.989642 0.002505 -0.043843
68.700000 182.857469 -661.058726 0.597948 24.982676 -0.069662 0.053397
68.800000 184.922268 -659.652332 0.570974 24.991678 0.090013 -0.032380
68.900000 187.025005 -658.301652 0.605399 24.993244 0.015665 0.041300
69.000000 189.080137 -656.879310 0.585297 25.010752 0.175079 -0.024125
69.100000 191.164904 -655.497600 0.612127 25.020478 0.097260 0.032171
69.200000 193.212650 -654.059899 0.636963 24.999398 -0.210803 0.029770
69.300000 195.222365 -652.573043 0.580274 24.995536 -0.038617 -0.067924
69.400000 197.312773 -651.202655 0.630975 24.985859 -0.096773 0.060777
69.500000 199.330263 -649.728658 0.597025 24.993351 0.074921 -0.040740
69.600000 201.397242 -648.323570 0.630338 24.994382 0.010309 0.039965
69.700000 203.416359 -646.850357 0.605982 25.012186 0.178044 -0.029225
69.800000 205.472219 -645.425739 0.629917 25.022790 0.106044 0.028700
69.900000 207.494252 -643.951703 0.651220 25.002918 -0.198728 0.025535
70.000000 209.482846 -642.436133 0.592717 25.000572 -0.023460 -0.070080
70.100000 211.556458 -641.039559 0.638054 24.992470 -0.081012 0.054349
70.200000 213.563994 -639.550924 0.602646 25.001463 0.089927 -0.042477
70.300000 215.623712 -638.133781 0.631455 25.003748 0.022850 0.034555
70.400000 217.641938 -636.657760 0.604743 25.022378 0.186298 -0.032038
70.500000 219.700399 -635.235111 0.624920 25.033296 0.109182 0.024186
70.600000 221.730625 -633.770582 0.643764 25.013218 -0.200781 0.022579
70.700000 223.731288 -632.269264 0.581384 25.009846 -0.033720 -0.074677
70.800000 225.821369 -630.895770 0.624348 24.999957 -0.098888 0.051490
70.900000 227.849727 -629.434352 0.583605 25.006107 0.061502 -0.048852
71.000000 229.936441 -628.056426 0.611625 25.004667 -0.014404 0.033604
71.100000 231.983613 -626.620661 0.578505 25.018367 0.136995 -0.039716
71.200000 234.078352 -625.252724 0.598567 25.023409 0.050429 0.024052
71.300000 236.145646 -623.842756 0.569767 25.042597 0.191879 -0.034515
71.400000 238.254300 -622.491869 0.584557 25.052082 0.094844 0.017716
71.500000 240.343535 -621.109420 0.602254 25.028986 -0.230959 0.021189
71.600000 242.406075 -619.691525 0.529098 25.020259 -0.087266 -0.087462
71.700000 244.565981 -618.428614 0.575555 25.003279 -0.169798 0.055646
71.800000 246.663481 -617.067685 0.519790 25.000033 -0.032464 -0.066810
71.900000 248.833293 -615.825938 0.554692 24.987668 -0.123654 0.041858
72.000000 250.957401 -614.509884 0.503964 24.988315 0.006480 -0.060829
72.100000 253.145567 -613.303198 0.532717 24.979069 -0.092468 0.034506
72.200000 255.297340 -612.034572 0.484741 24.982143 0.030742 -0.057555
72.300000 257.507749 -610.870456 0.509397 24.974653 -0.074903 0.029600
72.400000 259.688133 -609.652565 0.459990 24.983223 0.085705 -0.059279
72.500000 261.926772 -608.543462 0.476283 24.986810 0.035873 0.019562
72.600000 264.147363 -607.397869 0.487378 24.962749 -0.240615 0.013321
72.700000 266.352980 -606.228835 0.401950 24.959118 -0.036306 -0.102309
72.800000 268.649967 -605.252400 0.439852 24.952090 -0.070287 0.045526
72.900000 270.907669 -604.189926 0.391189 24.964638 0.125484 -0.058442
73.000000 273.215541 -603.238056 0.402892 24.972354 0.077158 0.014063
73.100000 275.512825 -602.258938 0.409575 24.951592 -0.207622 0.008029
73.200000 277.801610 -601.265317 0.329142 24.950775 -0.008167 -0.096407
73.300000 280.162752 -600.458829 0.357358 24.946116 -0.046589 0.033913
73.400000 282.499764 -599.586213 0.309192 24.961013 0.148969 -0.057859
73.500000 284.877500 -598.826676 0.315668 24.971170 0.101572 0.007783
73.600000 287.251232 -598.051442 0.317368 24.953025 -0.181453 0.002043
73.700000 289.621919 -597.272740 0.243160 24.953572 0.005475 -0.088981
73.800000 292.043868 -596.671929 0.267062 24.945842 -0.077306 0.028728
73.900000 294.450019 -596.013611 0.214496 24.950761 0.049195 -0.063133
74.000000 296.887918 -595.482522 0.225141 24.945798 -0.049630 0.012799
74.100000 299.319541 -594.925622 0.174348 24.954644 0.088458 -0.061008
74.200000 301.777174 -594.492743 0.180248 24.954539 -0.001052 0.007092
74.300000 304.232200 -594.045375 0.134086 24.969647 0.151079 -0.055438
74.400000 306.706752 -593.711570 0.134086 24.976898 0.072514 0.000001
74.500000 309.182022 -593.377667 0.135251 24.954046 -0.228520 0.001399
74.600000 311.654637 -593.041188 0.051543 24.950605 -0.034414 -0.100297
74.700000 314.146384 -592.912643 0.072444 24.943641 -0.069638 0.025126
74.800000 316.634206 -592.732098 0.230873 24.850306 -0.933348 0.188287
74.900000 319.053301 -592.163455 -0.597470 24.750306 -1.000000 -0.785398
75.000000 321.099560 -593.555791 -1.422481 24.650306 -1.000000 -0.785398
75.100000 321.463824 -595.993759 -2.244158 24.608002 -0.423045 -0.785398
75.200000 319.929227 -597.917440 -3.064424 24.708002 1.000000 -0.785398
75.300000 317.465780 -598.107918 2.395161 24.808002 1.000000 -0.785398
75.400000 315.644584 -596.423397 1.914887 24.845457 0.374556 -0.526174
75.500000 314.806445 -594.084489 2.632404 24.837992 -0.074652 0.713925
75.600000 312.637740 -592.873714 -2.993710 24.846910 0.089175 0.670844
75.700000 310.180168 -593.239818 -3.016594 24.848496 0.015867 -0.027623
75.800000 307.714706 -593.549612 -2.988310 24.865025 0.165287 0.034134
75.900000 305.257357 -593.929259 -2.988815 24.872146 0.071211 -0.000609
76.000000 302.799113 -594.307772 -2.950046 24.892266 0.201199 0.046728
76.100000 300.355412 -594.781664 -2.946084 24.901411 0.091452 0.004776
76.200000 297.912711 -595.265414 -2.909362 24.924362 0.229507 0.044211
76.300000 295.487183 -595.839045 -2.902054 24.940572 0.162097 0.008797
76.400000 293.064337 -596.430772 -2.895520 24.927986 -0.125860 0.007859
76.500000 290.646630 -597.038008 -2.841870 24.935826 0.078407 0.064476
76.600000 288.264215 -597.774251 -2.845144 24.939274 0.034479 -0.003938
76.700000 285.879073 -598.502791 -2.811468 24.961908 0.226337 0.040487
76.800000 283.517671 -599.311958 -2.806536 24.978892 0.169841 0.005928
76.900000 281.158686 -600.133321 -2.801262 24.966228 -0.126639 0.006333
77.000000 278.805258 -600.966691 -2.754696 24.973464 0.072355 0.055897
77.100000 276.492504 -601.908980 -2.757368 24.976015 0.025512 -0.003210
77.200000 274.177005 -602.845182 -2.727977 24.997852 0.218368 0.035289
77.300000 271.888017 -603.849902 -2.724264 25.014259 0.164078 0.004455
77.400000 269.601276 -604.863779 -2.720049 25.001301 -0.129584 0.005056
77.500000 267.320012 -605.886757 -2.680261 25.008966 0.076649 0.047707
77.600000 265.080558 -607.000009 -2.685167 25.008219 -0.007472 -0.005885
77.700000 262.835736 -608.102227 -2.659503 25.019148 0.109291 0.030777
77.800000 260.618969 -609.262194 -2.660304 25.018571 -0.005764 -0.000960
77.900000 258.401326 -610.420359 -2.635610 25.030205 0.116340 0.029601
78.000000 256.211937 -611.633490 -2.636811 25.030777 0.005715 -0.001439
78.100000 254.021043 -612.844019 -2.614207 25.044064 0.132872 0.027085
78.200000 251.856920 -614.104426 -2.615468 25.046662 0.025977 -0.001510
78.300000 249.690986 -615.362234 -2.595148 25.062409 0.157470 0.024333
78.400000 247.549710 -616.664609 -2.596323 25.067761 0.053520 -0.001407
78.500000 245.406447 -617.964744 -2.578381 25.086605 0.188440 0.021469
78.600000 243.285262 -619.304128 -2.579397 25.095253 0.086484 -0.001214
78.700000 241.161986 -620.641819 -2.583243 25.070793 -0.244597 -0.004599
78.800000 239.035655 -621.970037 -2.548168 25.062282 -0.085110 0.041946
78.900000 236.957915 -623.371528 -2.563371 25.046080 -0.162027 -0.018196
79.000000 234.860466 -624.740385 -2.539928 25.046091 0.000110 0.028072
79.100000 232.795680 -626.158033 -2.550233 25.038449 -0.076420 -0.012342
79.200000 230.717030 -627.553902 -2.532174 25.047067 0.086185 0.021634
79.300000 228.663218 -628.987573 -2.539636 25.047892 0.008253 -0.008937
79.400000 226.598697 -630.405926 -2.525865 25.064825 0.169330 0.016492
79.500000 224.552522 -631.853552 -2.531542 25.073659 0.088331 -0.006795
79.600000 222.497437 -633.290044 -2.537899 25.050941 -0.227170 -0.007605
79.700000 220.435132 -634.712154 -2.511065 25.045987 -0.049542 0.032124
79.800000 218.412126 -636.188793 -2.527677 25.034639 -0.113484 -0.019895
79.900000 216.365798 -637.630969 -2.512229 25.040710 0.060712 0.018509
80.000000 214.341501 -639.104941 -2.523565 25.039873 -0.008367 -0.013580
80.100000 212.300694 -640.555822 -2.513090 25.055895 0.160219 0.012549
