0.000000 -180.382683 81.076120 -1.834200 9.900000 -1.000000 0.370021
0.100000 -180.640448 80.120266 -1.750098 9.800000 -1.000000 0.249541
0.200000 -180.815224 79.155977 -1.694617 9.700000 -1.000000 0.168236
0.300000 -180.935023 78.193403 -1.657438 9.600000 -1.000000 0.114482
0.400000 -181.018095 77.237004 -1.632242 9.500000 -1.000000 0.078575
0.500000 -181.076432 76.288797 -1.614995 9.400000 -1.000000 0.054413
0.600000 -181.117965 75.349715 -1.603055 9.300000 -1.000000 0.038086
0.700000 -181.147961 74.420199 -1.594683 9.200000 -1.000000 0.027002
0.800000 -181.169934 73.500462 -1.588742 9.100000 -1.000000 0.019368
0.900000 -181.186264 72.590608 -1.584545 9.000000 -1.000000 0.013836
1.000000 -181.198637 71.690693 -1.581718 8.900000 -1.000000 0.009424
1.100000 -181.208357 70.800746 -1.579993 8.800000 -1.000000 0.005814
1.200000 -181.216450 69.920783 -1.579123 8.700000 -1.000000 0.002964
1.300000 -181.223695 69.050814 -1.578810 8.600000 -1.000000 0.001082
1.400000 -181.230586 68.190841 -1.578119 8.500000 -1.000000 0.002408
1.500000 -181.236810 67.340864 -1.577168 8.400000 -1.000000 0.003359
1.600000 -181.242162 66.500881 -1.576227 8.300000 -1.000000 0.003358
1.700000 -181.246670 65.670893 -1.575858 8.200000 -1.000000 0.001336
1.800000 -181.250820 64.850904 -1.576115 8.100000 -1.000000 -0.000941
1.900000 -181.255129 64.040915 -1.576284 8.000000 -1.000000 -0.000627
2.000000 -181.259519 63.240927 -1.575790 7.900000 -1.000000 0.001856
2.100000 -181.263464 62.450937 -1.575174 7.800000 -1.000000 0.002339
2.200000 -181.266878 61.670945 -1.575265 7.700000 -1.000000 -0.000353
2.300000 -181.270319 60.900952 -1.575745 7.600000 -1.000000 -0.001869
2.400000 -181.274080 60.140962 -1.575369 7.500000 -1.000000 0.001485
2.500000 -181.277509 59.390969 -1.574854 7.400000 -1.000000 0.002058
2.600000 -181.280512 58.650976 -1.575162 7.300000 -1.000000 -0.001246
2.700000 -181.283699 57.920982 -1.575283 7.200000 -1.000000 -0.000497
2.800000 -181.286929 57.200990 -1.574672 7.100000 -1.000000 0.002542
2.900000 -181.289681 56.490995 -1.574756 7.000000 -1.000000 -0.000354
3.000000 -181.292453 55.791001 -1.575076 6.900000 -1.000000 -0.001371
3.100000 -181.295406 55.101007 -1.574510 6.800000 -1.000000 0.002463
3.200000 -181.297931 54.421012 -1.574617 6.700000 -1.000000 -0.000475
3.300000 -181.300491 53.751016 -1.574826 6.600000 -1.000000 -0.000935
3.400000 -181.303151 53.091022 -1.574264 6.500000 -1.000000 0.002556
3.500000 -181.305404 52.441026 -1.574645 6.400000 -1.000000 -0.001762
3.600000 -181.307868 51.801030 -1.574490 6.300000 -1.000000 0.000731
3.700000 -181.310195 51.171035 -1.574275 6.200000 -1.000000 0.001020
3.800000 -181.312352 50.551038 -1.574662 6.100000 -1.000000 -0.001872
3.900000 -181.314710 49.941043 -1.574101 6.000000 -1.000000 0.002760
4.000000 -181.316693 49.341046 -1.574543 5.900000 -1.000000 -0.002208
4.100000 -181.318903 48.751050 -1.574185 5.800000 -1.000000 0.001819
4.200000 -181.320869 48.171054 -1.574315 5.700000 -1.000000 -0.000671
4.300000 -181.322874 47.601057 -1.574209 5.603550 -0.964502 0.000558
4.400000 -181.324786 47.040706 -1.574145 5.529524 -0.740256 0.000339
4.500000 -181.326638 46.487756 -1.574190 5.463664 -0.658606 -0.000243
4.600000 -181.328493 45.941393 -1.574030 5.416872 -0.467919 0.000882
4.700000 -181.330244 45.399709 -1.574142 5.375241 -0.416308 -0.000623
4.800000 -181.332043 44.862188 -1.573945 5.350024 -0.252168 0.001098
4.900000 -181.333727 44.327188 -1.574073 5.327589 -0.224354 -0.000718
5.000000 -181.335473 43.794432 -1.573877 5.319467 -0.081213 0.001105
5.100000 -181.337112 43.262488 -1.573991 5.312242 -0.072255 -0.000640
5.200000 -181.338809 42.731266 -1.573815 5.317670 0.054280 0.000993
5.300000 -181.340414 42.199502 -1.573900 5.322499 0.048293 -0.000481
5.400000 -181.342066 41.667254 -1.573752 5.338669 0.161698 0.000836
5.500000 -181.343644 41.133390 -1.573807 5.353055 0.143863 -0.000312
5.600000 -181.345256 40.598087 -1.573683 5.377744 0.246890 0.000695
5.700000 -181.346808 40.060315 -1.573717 5.399710 0.219658 -0.000190
5.800000 -181.348385 39.520346 -1.573605 5.431158 0.314485 0.000621
5.900000 -181.349911 38.977232 -1.573634 5.459138 0.279797 -0.000159
6.000000 -181.351460 38.431321 -1.573515 5.495953 0.368146 0.000654
6.100000 -181.352955 37.881727 -1.573562 5.528707 0.327540 -0.000255
6.200000 -181.354484 37.328859 -1.573410 5.569784 0.410775 0.000826
6.300000 -181.355939 36.771882 -1.573504 5.606331 0.365467 -0.000507
6.400000 -181.357457 36.211251 -1.573287 5.650798 0.444667 0.001161
6.500000 -181.358865 35.646173 -1.573463 5.690360 0.395620 -0.000936
6.600000 -181.360382 35.077139 -1.573145 5.737524 0.471640 0.001678
6.700000 -181.361730 34.503388 -1.573443 5.779485 0.419618 -0.001559
6.800000 -181.363260 33.925442 -1.572983 5.828799 0.493132 0.002387
6.900000 -181.364534 33.342563 -1.573447 5.872673 0.438740 -0.002388
7.000000 -181.366091 32.755298 -1.572811 5.923701 0.510282 0.003251
7.100000 -181.367284 32.162929 -1.573403 5.981108 0.574067 -0.003002
7.200000 -181.368843 31.564821 -1.572816 6.032182 0.510748 0.002948
7.300000 -181.370062 30.961604 -1.573165 6.089644 0.574612 -0.001739
7.400000 -181.371504 30.352641 -1.572854 6.140767 0.511232 0.001534
7.500000 -181.372768 29.738566 -1.572898 6.198284 0.575170 -0.000217
7.600000 -181.374071 29.118739 -1.572931 6.249457 0.511728 -0.000159
7.700000 -181.375405 28.493794 -1.572606 6.307030 0.575734 0.001563
7.800000 -181.376546 27.863092 -1.573049 6.358253 0.512231 -0.002110
7.900000 -181.377978 27.227269 -1.572300 6.415883 0.576300 0.003535
8.000000 -181.378943 26.585681 -1.572787 6.479225 0.633418 -0.002277
8.100000 -181.380233 25.937760 -1.572484 6.535580 0.563552 0.001402
8.200000 -181.381336 25.284203 -1.572442 6.597799 0.622189 0.000194
8.300000 -181.382422 24.624424 -1.572705 6.653155 0.553561 -0.001195
8.400000 -181.383691 23.959110 -1.571806 6.714496 0.613408 0.004054
8.500000 -181.384369 23.287660 -1.570000 6.781172 0.666758 0.008068
8.600000 -181.383829 22.609543 -1.569325 6.840493 0.593215 0.002986
8.700000 -181.382822 21.925495 -1.568683 6.905383 0.648894 0.002815
8.800000 -181.381363 21.234958 -1.567608 6.963115 0.577321 0.004669
8.900000 -181.379143 20.538650 -1.567816 7.026600 0.634850 -0.000894
9.000000 -181.377049 19.835993 -1.567152 7.095212 0.686127 0.002833
9.100000 -181.374463 19.126477 -1.566674 7.156257 0.610447 0.002022
9.200000 -181.371513 18.410857 -1.567060 7.221604 0.653467 -0.001619
9.300000 -181.368814 17.688702 -1.568100 7.290785 0.691814 -0.004321
9.400000 -181.366848 16.959626 -1.569589 7.352336 0.615507 -0.006127
9.500000 -181.365961 16.224393 -1.569975 7.418147 0.658109 -0.001576
9.600000 -181.365351 15.482578 -1.569795 7.487755 0.696078 0.000726
9.700000 -181.364602 14.733803 -1.570355 7.560747 0.729923 -0.002242
9.800000 -181.364268 13.977729 -1.571130 7.625688 0.649413 -0.003074
9.900000 -181.364522 13.215160 -1.571013 7.694535 0.688466 0.000457
10.000000 -181.364689 12.445707 -1.570239 7.766862 0.723269 0.003020
10.100000 -181.364256 11.669020 -1.568985 7.842291 0.754288 0.004841
10.200000 -181.362836 10.884793 -1.567468 7.909400 0.671090 0.005803
10.300000 -181.360204 10.093857 -1.566952 7.980191 0.707918 0.001958
10.400000 -181.357136 9.295844 -1.567167 8.054265 0.740733 -0.000807
10.500000 -181.354213 8.490423 -1.567038 8.131262 0.769975 0.000480
10.600000 -181.351157 7.677302 -1.566348 8.210866 0.796036 0.002545
10.700000 -181.347505 6.856224 -1.565528 8.281689 0.708233 0.002997
10.800000 -181.343141 6.028066 -1.567070 8.355804 0.741146 -0.005586
10.900000 -181.340028 5.192492 -1.567652 8.432850 0.770467 -0.002089
11.000000 -181.337376 4.349211 -1.567997 8.512509 0.796590 -0.001227
11.100000 -181.334993 3.497963 -1.568721 8.594496 0.819865 -0.002553
11.200000 -181.333209 2.638516 -1.569698 8.678556 0.840603 -0.003409
11.300000 -181.332256 1.770661 -1.570600 8.753344 0.747884 -0.003120
11.400000 -181.332084 0.895326 -1.570801 8.831003 0.776589 -0.000687
11.500000 -181.332088 0.012226 -1.570518 8.911219 0.802153 0.000962
11.600000 -181.331840 -0.878896 -1.569514 8.993711 0.824919 0.003377
11.700000 -181.330687 -1.778266 -1.568822 9.078230 0.845194 0.002310
11.800000 -181.328895 -2.686088 -1.567975 9.164555 0.863249 0.002800
11.900000 -181.326309 -3.602539 -1.567046 9.252488 0.879327 0.003042
12.000000 -181.322839 -4.527782 -1.566087 9.341852 0.893642 0.003107
12.100000 -181.318439 -5.461956 -1.565138 9.432490 0.906387 0.003049
12.200000 -181.313102 -6.405190 -1.564311 9.513132 0.806412 0.002628
12.300000 -181.306933 -7.356484 -1.563941 9.596010 0.828784 0.001170
12.400000 -181.300354 -8.316062 -1.566258 9.680879 0.848692 -0.007245
12.500000 -181.295961 -9.284140 -1.567666 9.767520 0.866403 -0.004363
12.600000 -181.292903 -10.260887 -1.568473 9.855735 0.882159 -0.002479
12.700000 -181.290613 -11.246458 -1.568896 9.945353 0.896171 -0.001286
12.800000 -181.288723 -12.240991 -1.569084 10.036216 0.908630 -0.000569
12.900000 -181.287005 -13.244612 -1.569144 10.128186 0.919704 -0.000177
13.000000 -181.285331 -14.257429 -1.569146 10.221140 0.929543 -0.000008
13.100000 -181.283644 -15.279541 -1.569142 10.314968 0.938280 0.000012
13.200000 -181.281938 -16.311037 -1.567664 10.409572 0.946034 0.004299
13.300000 -181.278677 -17.351989 -1.566591 10.504863 0.952912 0.003093
13.400000 -181.274259 -18.402466 -1.565756 10.600763 0.959006 0.002385
13.500000 -181.268916 -19.462529 -1.565046 10.697203 0.964401 0.002008
13.600000 -181.262765 -20.532231 -1.564386 10.794120 0.969170 0.001851
13.700000 -181.255846 -21.611621 -1.566768 10.891459 0.973381 -0.006620
13.800000 -181.251458 -22.700758 -1.568500 10.991459 1.000000 -0.004770
13.900000 -181.248935 -23.799901 -1.569296 11.091459 1.000000 -0.002172
14.000000 -181.247270 -24.909046 -1.569449 11.191459 1.000000 -0.000415
14.100000 -181.245763 -26.028191 -1.567570 11.291459 1.000000 0.005036
14.200000 -181.242120 -27.157331 -1.566777 11.391459 1.000000 0.002108
14.300000 -181.237542 -28.296467 -1.566579 11.491459 1.000000 0.000522
14.400000 -181.232695 -29.445603 -1.565944 11.591459 1.000000 0.001656
14.500000 -181.227071 -30.604735 -1.564998 11.691459 1.000000 0.002449
14.600000 -181.220292 -31.773861 -1.563820 11.791459 1.000000 0.003022
14.700000 -181.212067 -32.952979 -1.563339 11.891459 1.000000 0.001224
14.800000 -181.203200 -34.142091 -1.565202 11.991459 1.000000 -0.004698
14.900000 -181.196491 -35.341218 -1.565609 12.091459 1.000000 -0.001019
15.000000 -181.190218 -36.550348 -1.566104 12.191459 1.000000 -0.001228
15.100000 -181.184497 -37.769480 -1.566797 12.291459 1.000000 -0.001705
15.200000 -181.179581 -38.998617 -1.567649 12.391459 1.000000 -0.002080
15.300000 -181.175680 -40.237756 -1.568635 12.491459 1.000000 -0.002389
15.400000 -181.172981 -41.486899 -1.569383 12.591459 1.000000 -0.001796
15.500000 -181.171202 -42.746044 -1.569198 12.691459 1.000000 0.000442
15.600000 -181.169173 -44.015188 -1.566999 12.791459 1.000000 0.005196
15.700000 -181.164317 -45.294325 -1.566377 12.891459 1.000000 0.001461
15.800000 -181.158619 -46.583458 -1.565320 12.991459 1.000000 0.002459
15.900000 -181.151504 -47.882584 -1.563909 13.091459 1.000000 0.003258
16.000000 -181.142487 -49.191699 -1.562612 13.191459 1.000000 0.002971
16.100000 -181.131691 -50.510801 -1.562746 13.291459 1.000000 -0.000304
16.200000 -181.120991 -51.839904 -1.563737 13.391459 1.000000 -0.002238
16.300000 -181.111539 -53.179016 -1.563599 13.491459 1.000000 0.000310
16.400000 -181.101829 -54.528127 -1.566203 13.591459 1.000000 -0.005790
16.500000 -181.095586 -55.887259 -1.567128 13.691459 1.000000 -0.002043
16.600000 -181.090564 -57.256395 -1.566470 13.791459 1.000000 0.001442
16.700000 -181.084597 -58.635528 -1.566735 13.891459 1.000000 -0.000576
16.800000 -181.078956 -60.024663 -1.563758 13.991459 1.000000 0.006430
16.900000 -181.069107 -61.423774 -1.563356 14.091459 1.000000 0.000861
17.000000 -181.058623 -62.832881 -1.563636 14.191459 1.000000 -0.000596
17.100000 -181.048462 -64.251990 -1.566024 14.291459 1.000000 -0.005048
17.200000 -181.041641 -65.681120 -1.566526 14.391459 1.000000 -0.001053
17.300000 -181.035495 -67.120252 -1.566026 14.491459 1.000000 0.001042
17.400000 -181.028582 -68.569382 -1.563360 14.591459 1.000000 0.005519
17.500000 -181.017732 -70.028487 -1.563090 14.691459 1.000000 0.000555
17.600000 -181.006410 -71.497590 -1.562895 14.791459 1.000000 0.000398
17.700000 -180.994724 -72.976689 -1.565462 14.891459 1.000000 -0.005207
17.800000 -180.986781 -74.465814 -1.564922 14.991459 1.000000 0.001088
17.900000 -180.977975 -75.964934 -1.566474 15.091459 1.000000 -0.003104
18.000000 -180.971451 -77.474066 -1.565988 15.191459 1.000000 0.000964
18.100000 -180.964147 -78.993194 -1.563705 15.291459 1.000000 0.004510
18.200000 -180.953303 -80.522301 -1.562808 15.391459 1.000000 0.001759
18.300000 -180.941008 -82.061398 -1.562347 15.491459 1.000000 0.000899
18.400000 -180.927918 -83.610489 -1.561932 15.591459 1.000000 0.000803
18.500000 -180.914096 -85.169573 -1.563987 15.691459 1.000000 -0.003956
18.600000 -180.903412 -86.738683 -1.564973 15.791459 1.000000 -0.001884
18.700000 -180.894216 -88.317802 -1.565618 15.891459 1.000000 -0.001226
18.800000 -180.885987 -89.906926 -1.565269 15.991459 1.000000 0.000659
18.900000 -180.877148 -91.506048 -1.566200 16.091459 1.000000 -0.001747
19.000000 -180.869753 -93.115177 -1.564697 16.191459 1.000000 0.002803
19.100000 -180.859877 -94.734292 -1.562146 16.291459 1.000000 0.004726
19.200000 -180.845784 -96.363377 -1.561849 16.391459 1.000000 0.000547
19.300000 -180.831119 -98.002458 -1.561071 16.491459 1.000000 0.001424
19.400000 -180.815081 -99.651526 -1.561237 16.591459 1.000000 -0.000302
19.500000 -180.799221 -101.310596 -1.563554 16.691459 1.000000 -0.004189
19.600000 -180.787132 -102.979698 -1.564605 16.791459 1.000000 -0.001890
19.700000 -180.776736 -104.658811 -1.564418 16.872661 0.812020 0.000334
19.800000 -180.765975 -106.346043 -1.565593 16.939049 0.663889 -0.002088
19.900000 -180.757160 -108.039925 -1.563878 16.986462 0.474130 0.003036
20.000000 -180.745409 -109.738531 -1.561424 17.017074 0.306116 0.004333
20.100000 -180.729461 -111.440163 -1.560825 17.038554 0.214803 0.001056
20.200000 -180.712472 -113.143934 -1.561300 17.046219 0.076649 -0.000836
20.300000 -180.696284 -114.848479 -1.559803 17.041679 -0.045405 0.002635
20.400000 -180.677550 -116.552544 -1.560197 17.031992 -0.096867 -0.000694
20.500000 -180.659497 -118.255648 -1.561829 17.012147 -0.198455 -0.002875
20.600000 -180.644241 -119.956794 -1.563923 16.983354 -0.287928 -0.003693
20.700000 -180.632568 -121.655089 -1.564101 16.952203 -0.311504 -0.000314
20.800000 -180.621218 -123.350271 -1.563721 16.912581 -0.396229 0.000672
20.900000 -180.609253 -125.041487 -1.564652 16.871416 -0.411647 -0.001651
21.000000 -180.598886 -126.728597 -1.562987 16.823053 -0.483631 0.002960
21.100000 -180.585750 -128.410851 -1.560269 16.768401 -0.546514 0.004848
21.200000 -180.568097 -130.087598 -1.559999 16.714011 -0.543905 0.000483
21.300000 -180.550051 -131.758902 -1.559929 16.654175 -0.598354 0.000125
21.400000 -180.531953 -133.424221 -1.558630 16.595263 -0.589120 0.002340
21.500000 -180.511763 -135.083624 -1.560406 16.531589 -0.636741 -0.003211
21.600000 -180.494588 -136.736694 -1.562028 16.463804 -0.677852 -0.002944
21.700000 -180.480152 -138.383011 -1.563133 16.397976 -0.658278 -0.002013
21.800000 -180.467587 -140.022761 -1.562403 16.327632 -0.703444 0.001336
21.900000 -180.453882 -141.655466 -1.563593 16.259215 -0.684170 -0.002187
22.000000 -180.442171 -143.281346 -1.561983 16.186797 -0.724174 0.002971
22.100000 -180.427905 -144.899963 -1.559195 16.110979 -0.758189 0.005167
22.200000 -180.409215 -146.510952 -1.559096 16.037888 -0.730907 0.000185
22.300000 -180.390450 -148.114631 -1.558562 15.961712 -0.761760 0.000998
22.400000 -180.370923 -149.710683 -1.558114 15.888034 -0.736778 0.000844
22.500000 -180.350773 -151.299358 -1.560100 15.810819 -0.772151 -0.003752
22.600000 -180.333862 -152.880350 -1.561305 15.736362 -0.744573 -0.002285
22.700000 -180.318926 -154.453915 -1.561168 15.658747 -0.776147 0.000261
22.800000 -180.303849 -156.019717 -1.561980 15.584083 -0.746637 -0.001557
22.900000 -180.290110 -157.578065 -1.561114 15.506222 -0.778613 0.001667
23.000000 -180.275097 -159.128615 -1.558442 15.431134 -0.750881 0.005171
23.100000 -180.256033 -160.671610 -1.558050 15.352877 -0.782574 0.000762
23.200000 -180.236464 -162.206773 -1.556797 15.277616 -0.752611 0.002448
23.300000 -180.215077 -163.734385 -1.556971 15.199226 -0.783898 -0.000341
23.400000 -180.194063 -165.254162 -1.559047 15.123697 -0.755288 -0.004099
23.500000 -180.176295 -166.766428 -1.559516 15.045141 -0.785557 -0.000929
23.600000 -180.159323 -168.270846 -1.559904 14.969679 -0.754620 -0.000775
23.700000 -180.143019 -169.767725 -1.560069 14.890985 -0.786947 -0.000329
23.800000 -180.127045 -171.256738 -1.558047 14.815316 -0.756684 0.004073
23.900000 -180.108157 -172.738149 -1.555754 14.736637 -0.786787 0.004644
24.000000 -180.085990 -174.211646 -1.556067 14.660946 -0.756919 -0.000637
24.100000 -180.064396 -175.677582 -1.554167 14.588007 -0.729382 0.003886
24.200000 -180.040138 -177.136181 -1.555514 14.511654 -0.763529 -0.002770
24.300000 -180.017963 -178.587177 -1.556978 14.438158 -0.734965 -0.003026
24.400000 -179.998013 -180.030855 -1.557120 14.361444 -0.767138 -0.000294
24.500000 -179.978371 -181.466865 -1.556449 14.287459 -0.739848 0.001401
24.600000 -179.957873 -182.895464 -1.557063 14.210343 -0.771161 -0.001290
24.700000 -179.938359 -184.316364 -1.555357 14.136190 -0.741533 0.003603
24.800000 -179.916534 -185.729814 -1.552477 14.064599 -0.715913 0.006110
24.900000 -179.890771 -187.136038 -1.550121 13.989543 -0.750562 0.005026
25.000000 -179.861849 -188.534694 -1.547648 13.917072 -0.724709 0.005304
25.100000 -179.829636 -189.926028 -1.541158 13.846929 -0.701428 0.013989
25.200000 -179.788602 -191.310113 -1.528833 13.773394 -0.735347 0.026696
25.300000 -179.730821 -192.686240 -1.514746 13.702402 -0.709926 0.030674
25.400000 -179.654059 -194.054328 -1.489787 13.628084 -0.743177 0.054590
25.500000 -179.543779 -195.412667 -1.464418 13.556422 -0.716622 0.055787
25.600000 -179.399841 -196.760646 -1.440230 13.487102 -0.693196 0.053477
25.700000 -179.224245 -198.097876 -1.406985 13.430975 -0.561272 0.073814
25.800000 -179.005213 -199.422994 -1.378778 13.392127 -0.388475 0.062921
25.900000 -178.749638 -200.737593 -1.355331 13.368666 -0.234617 0.052477
26.000000 -178.463813 -202.043548 -1.326734 13.370011 0.013453 0.064085
26.100000 -178.140731 -203.340926 -1.303120 13.382315 0.123039 0.052937
26.200000 -177.786780 -204.631500 -1.283899 13.404359 0.220436 0.043061
26.300000 -177.407467 -205.917148 -1.260877 13.446106 0.417474 0.051480
26.400000 -176.997386 -207.197699 -1.241831 13.494431 0.483251 0.042469
26.500000 -176.561429 -208.474781 -1.226492 13.548573 0.541416 0.034087
26.600000 -176.104108 -209.750122 -1.207916 13.618899 0.703263 0.041109
26.700000 -175.620681 -211.023324 -1.192561 13.692628 0.737286 0.033811
26.800000 -175.115038 -212.295804 -1.180499 13.769320 0.766928 0.026421
26.900000 -174.591167 -213.569185 -1.165216 13.859866 0.905460 0.033287
27.000000 -174.044323 -214.842732 -1.152851 13.951461 0.915950 0.026759
27.100000 -173.478055 -216.117790 -1.139956 14.051461 1.000000 0.027721
27.200000 -172.891217 -217.394527 -1.128644 14.151461 1.000000 0.024146
27.300000 -172.285696 -218.673582 -1.119778 14.251461 1.000000 0.018793
27.400000 -171.664500 -219.956219 -1.109096 14.351461 1.000000 0.022482
27.500000 -171.025184 -221.241100 -1.100236 14.451461 1.000000 0.018519
27.600000 -170.369976 -222.529180 -1.091218 14.551461 1.000000 0.018719
27.700000 -169.698564 -223.820170 -1.083088 14.651461 1.000000 0.016759
27.800000 -169.011993 -225.114494 -1.077402 14.751461 1.000000 0.011643
27.900000 -168.313336 -226.413699 -1.069284 14.851461 1.000000 0.016508
28.000000 -167.599349 -227.715959 -1.063698 14.951461 1.000000 0.011282
28.100000 -166.873242 -229.022953 -1.056555 15.051461 1.000000 0.014332
28.200000 -166.132900 -230.333433 -1.051574 15.151461 1.000000 0.009929
28.300000 -165.381076 -231.648890 -1.045548 15.251461 1.000000 0.011930
28.400000 -164.616325 -232.968446 -1.041332 15.351461 1.000000 0.008294
28.500000 -163.840967 -234.293396 -1.036317 15.451461 1.000000 0.009800
28.600000 -163.053880 -235.623047 -1.032973 15.551461 1.000000 0.006492
28.700000 -162.257229 -236.958646 -1.028805 15.651461 1.000000 0.008040
28.800000 -161.449859 -238.299481 -1.026510 15.751461 1.000000 0.004399
28.900000 -160.634237 -239.647014 -1.023057 15.851461 1.000000 0.006576
29.000000 -159.808759 -241.000259 -1.021461 15.951461 1.000000 0.003022
29.100000 -158.975900 -242.360714 -1.019083 16.051461 1.000000 0.004471
29.200000 -158.134568 -243.727701 -1.018105 16.151461 1.000000 0.001828
29.300000 -157.286649 -245.102376 -1.017337 16.251461 1.000000 0.001428
29.400000 -156.432417 -246.484906 -1.016863 16.351461 1.000000 0.000874
29.500000 -155.572271 -247.875536 -1.018128 16.451461 1.000000 -0.002321
29.600000 -154.708635 -249.275764 -1.018595 16.551461 1.000000 -0.000852
29.700000 -153.840407 -250.684909 -1.020979 16.651461 1.000000 -0.004320
29.800000 -152.970316 -252.104646 -1.023757 16.751461 1.000000 -0.005005
29.900000 -152.098971 -253.535335 -1.027110 16.851461 1.000000 -0.006004
30.000000 -151.227254 -254.977495 -1.033532 16.951461 1.000000 -0.011433
30.100000 -150.359699 -256.433816 -1.039282 17.051461 1.000000 -0.010175
30.200000 -149.495463 -257.903721 -1.048394 17.151461 1.000000 -0.016030
30.300000 -148.639668 -259.390106 -1.063211 17.251461 1.000000 -0.025910
30.400000 -147.801128 -260.897746 -1.076353 17.351461 1.000000 -0.022850
30.500000 -146.977729 -262.425079 -1.094204 17.451461 1.000000 -0.030854
30.600000 -146.177137 -263.975752 -1.116418 17.551461 1.000000 -0.038168
30.700000 -145.406796 -265.552811 -1.141328 17.651461 1.000000 -0.042551
30.800000 -144.671811 -267.157659 -1.158399 17.751461 1.000000 -0.029006
30.900000 -143.960321 -268.783981 -1.177711 17.851461 1.000000 -0.032626
31.000000 -143.276538 -270.432978 -1.198792 17.951461 1.000000 -0.035412
31.100000 -142.624032 -272.105337 -1.220765 18.051461 1.000000 -0.036704
31.200000 -142.004998 -273.801022 -1.235699 18.151461 1.000000 -0.024815
31.300000 -141.408068 -275.515207 -1.250541 18.251461 1.000000 -0.024525
31.400000 -140.833495 -277.247554 -1.268597 18.351461 1.000000 -0.029670
31.500000 -140.287318 -278.999539 -1.285958 18.437805 0.863437 -0.028374
31.600000 -139.769212 -280.769028 -1.302673 18.503982 0.661775 -0.027189
31.700000 -139.279000 -282.553311 -1.314108 18.557500 0.535180 -0.018537
31.800000 -138.807865 -284.348260 -1.329766 18.594523 0.370228 -0.025308
31.900000 -138.364008 -286.153960 -1.346887 18.616784 0.222604 -0.027616
32.000000 -137.950635 -287.969165 -1.363956 18.625933 0.091496 -0.027498
32.100000 -137.568117 -289.792057 -1.379884 18.623451 -0.024819 -0.025649
32.200000 -137.214727 -291.620566 -1.395164 18.610561 -0.128906 -0.024610
32.300000 -136.889544 -293.452992 -1.405142 18.593731 -0.168301 -0.016082
32.400000 -136.582937 -295.286911 -1.419575 18.568102 -0.256281 -0.023283
32.500000 -136.303216 -297.122531 -1.435590 18.534711 -0.333918 -0.025870
32.600000 -136.053378 -298.959087 -1.452161 18.494380 -0.403309 -0.026815
32.700000 -135.834484 -300.795525 -1.468160 18.447851 -0.465291 -0.025947
32.800000 -135.645474 -302.630602 -1.483488 18.395790 -0.520608 -0.024922
32.900000 -135.485069 -304.463174 -1.498578 18.338798 -0.569921 -0.024603
33.000000 -135.352744 -306.292274 -1.509875 18.282754 -0.560442 -0.018478
33.100000 -135.241431 -308.117157 -1.525230 18.222216 -0.605373 -0.025191
33.200000 -135.158428 -309.937488 -1.542006 18.157690 -0.645267 -0.027612
33.300000 -135.106159 -311.752504 -1.558524 18.089629 -0.680609 -0.027285
33.400000 -135.083960 -313.561331 -1.574857 18.018446 -0.711830 -0.027079
33.500000 -135.091277 -315.363160 -1.586732 17.949810 -0.686356 -0.019769
33.600000 -135.119880 -317.157914 -1.603337 17.878162 -0.716482 -0.027745
33.700000 -135.178047 -318.944783 -1.621826 17.803769 -0.743926 -0.031014
33.800000 -135.268859 -320.722843 -1.640264 17.726879 -0.768904 -0.031060
33.900000 -135.391905 -322.491255 -1.658819 17.647820 -0.790585 -0.031391
34.000000 -135.547045 -324.249205 -1.673456 17.572180 -0.756406 -0.024877
34.100000 -135.727124 -325.997171 -1.692763 17.494225 -0.779545 -0.032949
34.200000 -135.939966 -327.733598 -1.713389 17.414183 -0.800423 -0.035357
34.300000 -136.187439 -329.457342 -1.734605 17.332362 -0.818211 -0.036533
34.400000 -136.470091 -331.167376 -1.751608 17.254194 -0.781679 -0.029421
34.500000 -136.780370 -332.864668 -1.773788 17.173974 -0.802204 -0.038546
34.600000 -137.126599 -334.546803 -1.797683 17.092023 -0.819503 -0.041715
34.700000 -137.511075 -336.212201 -1.815629 17.013764 -0.782596 -0.031489
34.800000 -137.923478 -337.862839 -1.840580 16.933520 -0.802432 -0.043967
34.900000 -138.374794 -339.494940 -1.868430 16.851435 -0.820859 -0.049300
35.000000 -138.868977 -341.105993 -1.888699 16.773101 -0.783338 -0.036070
35.100000 -139.393263 -342.699258 -1.917422 16.692708 -0.803923 -0.051328
35.200000 -139.960358 -344.269248 -1.949871 16.610522 -0.821868 -0.058252
35.300000 -140.575049 -345.812378 -1.973746 16.532073 -0.784484 -0.043093
35.400000 -141.223327 -347.333177 -2.003530 16.451636 -0.804371 -0.053995
35.500000 -141.913234 -348.826694 -2.030761 16.369479 -0.821570 -0.049615
35.600000 -142.639902 -350.293511 -2.047969 16.291052 -0.784271 -0.031527
35.700000 -143.388100 -351.740640 -2.064183 16.210631 -0.804209 -0.029849
35.800000 -144.155854 -353.168365 -2.074045 16.161341 -0.492906 -0.018248
35.900000 -144.935273 -354.584132 -2.079398 16.128585 -0.327560 -0.009937
36.000000 -145.720665 -355.992845 -2.083426 16.121579 -0.070055 -0.007492
36.100000 -146.511381 -357.397772 -2.084618 16.126387 0.048078 -0.002219
36.200000 -147.304008 -358.802175 -2.087280 16.153077 0.266903 -0.004952
36.300000 -148.101689 -360.206783 -2.088653 16.199165 0.460872 -0.002549
36.400000 -148.903578 -361.614299 -2.089729 16.251313 0.521484 -0.001992
36.500000 -149.709568 -363.025481 -2.091099 16.319949 0.686363 -0.002529
36.600000 -150.520902 -364.441512 -2.090785 16.403192 0.832425 0.000576
36.700000 -151.335928 -365.865022 -2.091928 16.488319 0.851267 -0.002090
36.800000 -152.156818 -367.294982 -2.092195 16.586145 0.978261 -0.000486
36.900000 -152.982962 -368.733205 -2.091681 16.684394 0.982497 0.000929
37.000000 -153.813258 -370.180375 -2.092157 16.784394 1.000000 -0.000855
37.100000 -154.649222 -371.635821 -2.091159 16.884394 1.000000 0.001784
37.200000 -155.488704 -373.100777 -2.090373 16.984394 1.000000 0.001396
37.300000 -156.332001 -374.575073 -2.090064 17.084394 1.000000 0.000546
37.400000 -157.179804 -376.058310 -2.088240 17.184394 1.000000 0.003202
37.500000 -158.029848 -377.551783 -2.086557 17.284394 1.000000 0.002938
37.600000 -158.882309 -379.055383 -2.085499 17.384394 1.000000 0.001837
37.700000 -159.738100 -380.568589 -2.083341 17.484394 1.000000 0.003724
37.800000 -160.595529 -382.092353 -2.079669 17.584394 1.000000 0.006300
37.900000 -161.452228 -383.627988 -2.077761 17.684394 1.000000 0.003255
38.000000 -162.310852 -385.173997 -2.075650 17.784394 1.000000 0.003582
38.100000 -163.171046 -386.730568 -2.072085 17.884394 1.000000 0.006014
38.200000 -164.030491 -388.298965 -2.067034 17.984394 1.000000 0.008471
38.300000 -164.886765 -389.880477 -2.064265 18.084394 1.000000 0.004619
38.400000 -165.743394 -391.473160 -2.061097 18.184394 1.000000 0.005257
38.500000 -166.599680 -393.077372 -2.056556 18.284394 1.000000 0.007491
38.600000 -167.453341 -394.694299 -2.050577 18.384394 1.000000 0.009809
38.700000 -168.301937 -396.325172 -2.046006 18.484394 1.000000 0.007460
38.800000 -169.147643 -397.968798 -2.041433 18.584394 1.000000 0.007422
38.900000 -169.990359 -399.625188 -2.036498 18.684394 1.000000 0.007966
39.000000 -170.829381 -401.294652 -2.030479 18.784394 1.000000 0.009664
39.100000 -171.662777 -402.978096 -2.023363 18.884394 1.000000 0.011364
39.200000 -172.488545 -404.676422 -2.015587 18.984394 1.000000 0.012353
39.300000 -173.305384 -406.390145 -2.007387 19.084394 1.000000 0.012957
39.400000 -174.112373 -408.119570 -2.002122 19.184394 1.000000 0.008276
39.500000 -174.914426 -409.862304 -1.995624 19.284394 1.000000 0.010162
39.600000 -175.709258 -411.619324 -1.988501 19.384394 1.000000 0.011081
39.700000 -176.495611 -413.391102 -1.980941 19.484394 1.000000 0.011699
39.800000 -177.272535 -415.177944 -1.973009 19.584394 1.000000 0.012212
39.900000 -178.039177 -416.980094 -1.964454 19.684394 1.000000 0.013104
40.000000 -178.794208 -418.797973 -1.955223 19.767511 0.831171 0.014067
40.100000 -179.535544 -420.630448 -1.945743 19.830525 0.630137 0.014386
40.200000 -180.261784 -422.475732 -1.935391 19.875615 0.450901 0.015659
40.300000 -180.970490 -424.332648 -1.924520 19.904718 0.291028 0.016407
40.400000 -181.659977 -426.199888 -1.910376 19.919553 0.148350 0.021315
40.500000 -182.323478 -428.078092 -1.894157 19.921839 0.022857 0.024422
40.600000 -182.956503 -429.967027 -1.876946 19.912898 -0.089404 0.025912
40.700000 -183.556657 -431.865725 -1.861092 19.910650 -0.022486 0.023880
40.800000 -184.126571 -433.773482 -1.847623 19.930881 0.202311 0.020292
40.900000 -184.671291 -435.690688 -1.836329 19.971208 0.403268 0.016998
41.000000 -185.195381 -437.617816 -1.826798 20.029498 0.582900 0.014316
41.100000 -185.702556 -439.555490 -1.818570 20.103588 0.740898 0.012322
41.200000 -186.195590 -441.504454 -1.811452 20.192067 0.884794 0.010622
41.300000 -186.676847 -443.465471 -1.805122 20.292067 1.000000 0.009405
41.400000 -187.148002 -445.439222 -1.801178 20.392067 1.000000 0.005831
41.500000 -187.613653 -447.424551 -1.796371 20.492067 1.000000 0.007072
41.600000 -188.071991 -449.421843 -1.790006 20.592067 1.000000 0.009317
41.700000 -188.519784 -451.431772 -1.785032 20.692067 1.000000 0.007247
41.800000 -188.959698 -453.453675 -1.780702 20.792067 1.000000 0.006278
41.900000 -189.392938 -455.487244 -1.776596 20.892067 1.000000 0.005924
42.000000 -189.819867 -457.532364 -1.772859 20.992067 1.000000 0.005367
42.100000 -190.241157 -459.588862 -1.769115 21.092067 1.000000 0.005351
42.200000 -190.656715 -461.656727 -1.765661 21.192067 1.000000 0.004912
42.300000 -191.067065 -463.735825 -1.762313 21.292067 1.000000 0.004740
42.400000 -191.472355 -465.826103 -1.758989 21.392067 1.000000 0.004684
42.500000 -191.872565 -467.927540 -1.755885 21.492067 1.000000 0.004353
42.600000 -192.268091 -470.040038 -1.753004 21.585042 0.929750 0.004021
42.700000 -192.659215 -472.162810 -1.751043 21.667762 0.827198 0.002725
42.800000 -193.047658 -474.294483 -1.749338 21.741358 0.735958 0.002361
42.900000 -193.433774 -476.434058 -1.747653 21.806836 0.654782 0.002325
43.000000 -193.817435 -478.580727 -1.746521 21.865092 0.582560 0.001557
43.100000 -194.199686 -480.733564 -1.743888 21.916922 0.518303 0.003613
43.200000 -194.577158 -482.892505 -1.741153 21.963036 0.461135 0.003744
43.300000 -194.949507 -485.057016 -1.738505 22.004063 0.410271 0.003618
43.400000 -195.316806 -487.226550 -1.735208 22.040565 0.365018 0.004495
43.500000 -195.677548 -489.400885 -1.732356 22.073040 0.324757 0.003881
43.600000 -196.032611 -491.579444 -1.729473 22.101934 0.288936 0.003919
43.700000 -196.381846 -493.761871 -1.726686 22.127641 0.257067 0.003782
43.800000 -196.725399 -495.947803 -1.728881 22.150512 0.228712 -0.002976
43.900000 -197.074109 -498.135234 -1.727641 22.170860 0.203485 0.001680
44.000000 -197.420424 -500.325105 -1.725297 22.188964 0.181041 0.003172
44.100000 -197.761882 -502.517571 -1.722932 22.205072 0.161072 0.003197
44.200000 -198.098400 -504.712430 -1.722222 22.219402 0.143306 0.000960
44.300000 -198.433574 -506.908945 -1.721904 22.232152 0.127499 0.000429
44.400000 -198.768242 -509.106827 -1.720072 22.243496 0.113436 0.002472
44.500000 -199.099052 -511.306439 -1.714994 22.253588 0.100924 0.006848
44.600000 -199.418834 -513.508702 -1.713414 22.262567 0.089792 0.002131
44.700000 -199.735262 -515.712356 -1.712083 22.270556 0.079888 0.001794
44.800000 -200.048869 -517.917221 -1.709899 22.277664 0.071076 0.002942
44.900000 -200.357759 -520.123469 -1.707530 22.283987 0.063237 0.003190
45.000000 -200.661509 -522.331069 -1.705179 22.289613 0.056262 0.003166
45.100000 -200.960141 -524.539934 -1.707892 22.294619 0.050056 -0.003651
45.200000 -201.264833 -526.748477 -1.706920 22.293274 -0.013448 0.001308
45.300000 -201.567361 -528.957182 -1.705023 22.280462 -0.128122 0.002552
45.400000 -201.865527 -531.165188 -1.702365 22.258071 -0.223909 0.003579
45.500000 -202.157529 -533.371758 -1.701827 22.227140 -0.309312 0.000726
45.600000 -202.447940 -535.575418 -1.697146 22.188595 -0.385451 0.006317
45.700000 -202.727547 -537.776590 -1.694894 22.137739 -0.508555 0.003045
45.800000 -203.001566 -539.973340 -1.695884 22.081440 -0.562995 -0.001342
45.900000 -203.277058 -542.164231 -1.694651 22.020290 -0.611496 0.001675
46.000000 -203.549094 -544.349392 -1.694309 21.954821 -0.654688 0.000467
46.100000 -203.819574 -546.528149 -1.694166 21.885508 -0.693131 0.000195
46.200000 -204.088891 -548.700066 -1.692362 21.807245 -0.782633 0.002473
46.300000 -204.353340 -550.864696 -1.689928 21.726556 -0.806888 0.003348
46.400000 -204.611561 -553.021953 -1.686808 21.643717 -0.828393 0.004308
46.500000 -204.862090 -555.171776 -1.684550 21.558974 -0.847425 0.003130
46.600000 -205.106802 -557.313740 -1.682026 21.472551 -0.864232 0.003512
46.700000 -205.345148 -559.447726 -1.679444 21.384648 -0.879034 0.003608
46.800000 -205.577029 -561.573581 -1.681756 21.289633 -0.950153 -0.003244
46.900000 -205.812773 -563.689452 -1.681146 21.193491 -0.961420 0.000859
47.000000 -206.046169 -565.795911 -1.679713 21.096373 -0.971171 0.002029
47.100000 -206.275490 -567.893047 -1.673565 20.998419 -0.979544 0.008743
47.200000 -206.490907 -569.981810 -1.670622 20.899753 -0.986658 0.004204
47.300000 -206.699194 -572.061381 -1.668588 20.800491 -0.992624 0.002920
47.400000 -206.902281 -574.131492 -1.670961 20.700737 -0.997537 -0.003424
47.500000 -207.109284 -576.191190 -1.670446 20.600737 -1.000000 0.000747
47.600000 -207.314229 -578.241044 -1.669038 20.500737 -1.000000 0.002050
47.700000 -207.515309 -580.281232 -1.667339 20.400737 -1.000000 0.002486
47.800000 -207.711958 -582.311806 -1.665511 20.300737 -1.000000 0.002689
47.900000 -207.903949 -584.332781 -1.663598 20.200737 -1.000000 0.002827
48.000000 -208.091146 -586.344162 -1.657623 20.100737 -1.000000 0.008874
48.100000 -208.265455 -588.346664 -1.654309 20.000737 -1.000000 0.004946
48.200000 -208.432292 -590.339767 -1.651833 19.900737 -1.000000 0.003714
48.300000 -208.593384 -592.323310 -1.653974 19.800737 -1.000000 -0.003228
48.400000 -208.757892 -594.296538 -1.653702 19.704219 -0.965184 0.000412
48.500000 -208.921064 -596.260192 -1.651595 19.606910 -0.973087 0.003208
48.600000 -209.079312 -598.214486 -1.648812 19.508981 -0.979287 0.004258
48.700000 -209.231358 -600.159451 -1.645782 19.410588 -0.983935 0.004659
48.800000 -209.376773 -602.095055 -1.641961 19.311871 -0.987167 0.005905
48.900000 -209.514089 -604.021354 -1.639221 19.212961 -0.989104 0.004257
49.000000 -209.645450 -605.938154 -1.637148 19.113688 -0.992730 0.003236
49.100000 -209.772180 -607.845317 -1.635320 19.013914 -0.997741 0.002870
49.200000 -209.894779 -609.742752 -1.633461 18.913914 -1.000000 0.002933
49.300000 -210.013225 -611.630431 -1.627529 18.819217 -0.946966 0.009409
49.400000 -210.119934 -613.509325 -1.623984 18.723813 -0.954046 0.005651
49.500000 -210.219474 -615.379058 -1.622705 18.627904 -0.959083 0.002049
49.600000 -210.316125 -617.239339 -1.619376 18.531137 -0.967673 0.005360
49.700000 -210.406114 -619.090267 -1.616672 18.433754 -0.973831 0.004378
49.800000 -210.490651 -620.931703 -1.613955 18.335976 -0.977777 0.004421
49.900000 -210.569762 -622.763593 -1.611660 18.243474 -0.925019 0.003755
50.000000 -210.644291 -624.586417 -1.606828 18.149763 -0.937111 0.007946
50.100000 -210.709673 -626.400216 -1.601345 18.055157 -0.946057 0.009062
50.200000 -210.764821 -628.204889 -1.596993 17.959943 -0.952148 0.007231
50.300000 -210.811864 -630.000267 -1.593105 17.863889 -0.960534 0.006495
50.400000 -210.851712 -631.786211 -1.588726 17.772841 -0.910485 0.007352
50.500000 -210.883578 -633.563210 -1.581945 17.680583 -0.922573 0.011446
50.600000 -210.903290 -635.331158 -1.576121 17.587254 -0.933295 0.009883
50.700000 -210.912654 -637.089859 -1.572696 17.498689 -0.885652 0.005841
50.800000 -210.915978 -638.839724 -1.565054 17.408578 -0.901111 0.013101
50.900000 -210.905982 -640.580553 -1.556020 17.317158 -0.914192 0.015567
51.000000 -210.880394 -642.312080 -1.547622 17.224668 -0.924901 0.014548
51.100000 -210.840480 -644.034085 -1.540455 17.136716 -0.879526 0.012481
51.200000 -210.788494 -645.746967 -1.528858 17.047202 -0.895135 0.020300
51.300000 -210.717021 -647.450189 -1.516923 16.956289 -0.909126 0.020999
51.400000 -210.625717 -649.143358 -1.506997 16.869829 -0.864607 0.017561
51.500000 -210.518161 -650.826908 -1.490399 16.781717 -0.881116 0.029508
51.600000 -210.383386 -652.499659 -1.470955 16.692094 -0.896228 0.034744
51.700000 -210.217007 -654.160556 -1.454619 16.606860 -0.852346 0.029352
51.800000 -210.024506 -655.810047 -1.432036 16.519978 -0.868817 0.040774
51.900000 -209.796009 -657.446166 -1.410727 16.431666 -0.883119 0.038677
52.000000 -209.534110 -659.068327 -1.395311 16.347500 -0.841661 0.028138
52.100000 -209.248705 -660.677971 -1.378995 16.261533 -0.859666 0.029933
52.200000 -208.938717 -662.274304 -1.367507 16.173971 -0.875622 0.021191
52.300000 -208.612177 -663.858396 -1.358374 16.090486 -0.834854 0.016938
52.400000 -208.272945 -665.431278 -1.349466 16.005066 -0.854198 0.016608
52.500000 -207.921589 -666.992742 -1.342685 15.923508 -0.815579 0.012709
52.600000 -207.561498 -668.543844 -1.332870 15.839853 -0.836552 0.018489
52.700000 -207.188172 -670.083206 -1.326638 15.759893 -0.799598 0.011803
52.800000 -206.807193 -671.612454 -1.315558 15.677723 -0.821702 0.021089
52.900000 -206.411368 -673.129435 -1.304358 15.593542 -0.841807 0.021429
53.000000 -206.000794 -674.633767 -1.294499 15.513084 -0.804583 0.018964
53.100000 -205.577605 -676.126238 -1.282301 15.430419 -0.826645 0.023586
53.200000 -205.138594 -677.605510 -1.272234 15.351356 -0.790633 0.019569
53.300000 -204.687039 -679.072732 -1.258449 15.269939 -0.814170 0.026932
53.400000 -204.217805 -680.525842 -1.247554 15.191947 -0.779926 0.021401
53.500000 -203.735245 -681.966359 -1.232107 15.111502 -0.804448 0.030494
53.600000 -203.233164 -683.391662 -1.220110 15.034432 -0.770696 0.023814
53.700000 -202.716667 -684.803602 -1.202884 14.954750 -0.796820 0.034359
53.800000 -202.178791 -686.199000 -1.189350 14.878333 -0.764172 0.027142
53.900000 -201.624926 -687.579898 -1.170329 14.799275 -0.790583 0.038334
54.000000 -201.047979 -688.942732 -1.155083 14.723392 -0.758827 0.030898
54.100000 -200.453385 -690.289670 -1.134244 14.644861 -0.785308 0.042435
54.200000 -199.834174 -691.616809 -1.117049 14.569432 -0.754288 0.035208
54.300000 -199.195543 -692.926326 -1.094301 14.491278 -0.781548 0.046807
54.400000 -198.530875 -694.214032 -1.074906 14.416172 -0.751058 0.040131
54.500000 -197.844932 -695.482000 -1.050246 14.338282 -0.778893 0.051271
54.600000 -197.131807 -696.725911 -1.028658 14.263488 -0.747948 0.045139
54.700000 -196.395855 -697.947732 -1.010240 14.191386 -0.721013 0.038718
54.800000 -195.641360 -699.149685 -0.982604 14.116198 -0.751885 0.058355
54.900000 -194.858112 -700.324076 -0.959564 14.043735 -0.724629 0.048928
55.000000 -194.052173 -701.474175 -0.928861 13.968197 -0.755376 0.065493
55.100000 -193.215832 -702.592941 -0.902791 13.895490 -0.727074 0.055933
55.200000 -192.355115 -703.683819 -0.870054 13.819694 -0.757955 0.070560
55.300000 -191.464042 -704.740146 -0.841625 13.746732 -0.729621 0.061637
55.400000 -190.548163 -705.765277 -0.816474 13.676307 -0.704253 0.054832
55.500000 -189.611617 -706.761918 -0.781953 13.602588 -0.737193 0.075581
55.600000 -188.646461 -707.720447 -0.752239 13.531445 -0.711428 0.065439
55.700000 -187.658448 -708.645017 -0.725905 13.462602 -0.688424 0.058319
55.800000 -186.651580 -709.538681 -0.689322 13.390274 -0.723280 0.081340
55.900000 -185.618284 -710.390322 -0.658192 13.320386 -0.698879 0.069633
56.000000 -184.564508 -711.205113 -0.630678 13.252667 -0.677196 0.061887
56.100000 -183.494186 -711.986613 -0.593000 13.181316 -0.713509 0.085085
56.200000 -182.401102 -712.723252 -0.561120 13.112268 -0.690480 0.072430
56.300000 -181.290939 -713.421002 -0.533105 13.045334 -0.669337 0.064009
56.400000 -180.167431 -714.083979 -0.495578 12.974720 -0.706141 0.086088
56.500000 -179.026053 -714.700978 -0.463872 12.906326 -0.683940 0.073179
56.600000 -177.871805 -715.278425 -0.436044 12.839960 -0.663659 0.064595
56.700000 -176.707953 -715.820730 -0.399854 12.769865 -0.700952 0.084356
56.800000 -175.531698 -716.317840 -0.369210 12.701961 -0.679037 0.071866
56.900000 -174.347097 -716.776227 -0.342385 12.636049 -0.659118 0.063273
57.000000 -173.156836 -717.200463 -0.308465 12.566359 -0.696900 0.080357
57.100000 -171.959512 -717.581973 -0.278654 12.498800 -0.675594 0.071048
57.200000 -170.757845 -717.925768 -0.250896 12.433170 -0.656301 0.066529
57.300000 -169.553455 -718.234448 -0.224033 12.369200 -0.639698 0.064727
57.400000 -168.347447 -718.509247 -0.184795 12.301219 -0.679809 0.094882
57.500000 -167.138269 -718.735275 -0.149304 12.235156 -0.660634 0.086340
57.600000 -165.928365 -718.917272 -0.115961 12.170826 -0.643298 0.081572
57.700000 -164.719456 -719.058091 -0.083868 12.108067 -0.627596 0.078943
57.800000 -163.512905 -719.159519 -0.039800 12.048707 -0.593595 0.108754
57.900000 -162.308989 -719.207461 -0.001921 12.007025 -0.416822 0.094038
58.000000 -161.108288 -719.209767 0.031535 11.980983 -0.260419 0.083396
58.100000 -159.910786 -719.171992 0.061762 11.968878 -0.121047 0.075543
58.200000 -158.716180 -719.098117 0.099256 11.980288 0.114098 0.093704
58.300000 -157.524048 -718.979401 0.131186 12.001544 0.212555 0.079789
58.400000 -156.334206 -718.822408 0.159243 12.031561 0.300169 0.070017
58.500000 -155.146272 -718.631624 0.184507 12.069367 0.378069 0.062912
58.600000 -153.959821 -718.410197 0.207620 12.114093 0.447257 0.057389
58.700000 -152.774428 -718.160486 0.237454 12.175998 0.619051 0.073747
58.800000 -151.590994 -717.874072 0.263070 12.242211 0.662130 0.063031
58.900000 -150.408891 -717.555718 0.285758 12.312217 0.700062 0.055542
59.000000 -149.227597 -717.208655 0.306307 12.385551 0.733338 0.050028
59.100000 -148.046692 -716.835181 0.332813 12.472985 0.874334 0.064114
59.200000 -146.867837 -716.427685 0.355667 12.561901 0.889169 0.054912
59.300000 -145.690266 -715.990261 0.375976 12.652064 0.901631 0.048464
59.400000 -144.513434 -715.525702 0.394457 12.735850 0.837853 0.043794
59.500000 -143.337654 -715.036254 0.419103 12.800719 0.648689 0.057989
59.600000 -142.168367 -714.515340 0.440344 12.853600 0.528815 0.049742
59.700000 -141.005624 -713.967454 0.459250 12.895804 0.422035 0.044098
59.800000 -139.849663 -713.395814 0.483669 12.923692 0.278880 0.056744
59.900000 -138.705535 -712.794823 0.504744 12.943693 0.200016 0.048883
60.000000 -137.572576 -712.168888 0.523607 12.956675 0.129821 0.043693
60.100000 -136.450500 -711.521045 0.548132 12.958599 0.019237 0.056723
60.200000 -135.344484 -710.845781 0.569544 12.955502 -0.030968 0.049531
60.300000 -134.253441 -710.147158 0.588995 12.947886 -0.076157 0.045012
60.400000 -133.176825 -709.427869 0.607105 12.936259 -0.116270 0.041935
60.500000 -132.114366 -708.689866 0.632951 12.916249 -0.200104 0.059868
60.600000 -131.072948 -707.925835 0.655581 12.893636 -0.226130 0.052512
60.700000 -130.050877 -707.139813 0.676302 12.868669 -0.249673 0.048175
60.800000 -129.047259 -706.334346 0.705234 12.836768 -0.319005 0.067345
60.900000 -128.069791 -705.502251 0.730780 12.803553 -0.332150 0.059632
61.000000 -127.116369 -704.647677 0.754440 12.769142 -0.344115 0.055380
61.100000 -126.185939 -703.773144 0.787481 12.728850 -0.402922 0.077473
61.200000 -125.287750 -702.871205 0.817008 12.688191 -0.406587 0.069478
61.300000 -124.419363 -701.946107 0.844779 12.647192 -0.409993 0.065567
61.400000 -123.579720 -701.000319 0.871834 12.605878 -0.413134 0.064090
61.500000 -122.768629 -700.035326 0.912308 12.559431 -0.464477 0.096024
61.600000 -122.000089 -699.041978 0.948347 12.513258 -0.461722 0.085872
61.700000 -121.270532 -698.025335 0.981651 12.467335 -0.459237 0.079676
61.800000 -120.577783 -696.988782 1.025873 12.416811 -0.505238 0.106013
61.900000 -119.934155 -695.926937 1.063704 12.367045 -0.497660 0.091150
62.000000 -119.333565 -694.845859 1.097150 12.317919 -0.491254 0.080955
62.100000 -118.771703 -693.749674 1.137666 12.280422 -0.374971 0.098358
62.200000 -118.256276 -692.635033 1.171319 12.258135 -0.222875 0.082028
62.300000 -117.779512 -691.505735 1.200499 12.249479 -0.086555 0.071291
62.400000 -117.336213 -690.363814 1.226505 12.253032 0.035527 0.063605
62.500000 -116.922636 -689.210418 1.258544 12.278453 0.254213 0.078283
62.600000 -116.545439 -688.041946 1.285623 12.312337 0.338833 0.066066
62.700000 -116.199064 -686.860438 1.309250 12.353586 0.412491 0.057505
62.800000 -115.879631 -685.667093 1.330411 12.401484 0.478980 0.051343
62.900000 -115.584380 -684.462603 1.356416 12.466263 0.647788 0.062826
63.000000 -115.319171 -683.244514 1.378474 12.535126 0.688632 0.053032
63.100000 -115.079576 -682.014113 1.397633 12.607453 0.723272 0.045821
63.200000 -114.862351 -680.772222 1.414672 12.682960 0.755069 0.040521
63.300000 -114.665142 -679.519352 1.435987 12.772473 0.895135 0.050376
63.400000 -114.493478 -678.253693 1.453925 12.863288 0.908146 0.042108
63.500000 -114.343485 -676.976139 1.469473 12.955357 0.920689 0.036247
63.600000 -114.212442 -675.687248 1.483136 13.048353 0.929963 0.031627
63.700000 -114.098206 -674.387423 1.500692 13.148353 1.000000 0.040342
63.800000 -114.006106 -673.075817 1.515255 13.248353 1.000000 0.033214
63.900000 -113.932560 -671.753025 1.527632 13.348353 1.000000 0.028021
64.000000 -113.874961 -670.419433 1.543056 13.448353 1.000000 0.034651
64.100000 -113.837660 -669.075115 1.555736 13.548353 1.000000 0.028277
64.200000 -113.817256 -667.720433 1.566362 13.648353 1.000000 0.023526
64.300000 -113.811204 -666.355612 1.579660 13.748353 1.000000 0.029222
64.400000 -113.823390 -664.980830 1.590474 13.848353 1.000000 0.023593
64.500000 -113.850638 -663.596263 1.599354 13.948353 1.000000 0.019235
64.600000 -113.890466 -662.201996 1.610932 14.048353 1.000000 0.024896
64.700000 -113.946835 -660.798292 1.620157 14.148353 1.000000 0.019698
64.800000 -114.016644 -659.385180 1.630762 14.248353 1.000000 0.022482
64.900000 -114.102033 -657.962906 1.639394 14.348353 1.000000 0.018174
65.000000 -114.200383 -656.531445 1.646312 14.448353 1.000000 0.014463
65.100000 -114.309387 -655.090728 1.655345 14.548353 1.000000 0.018753
65.200000 -114.432244 -653.641089 1.662354 14.648353 1.000000 0.014454
65.300000 -114.566174 -652.182389 1.670731 14.748353 1.000000 0.017154
65.400000 -114.713316 -650.714912 1.677324 14.848353 1.000000 0.013409
65.500000 -114.871193 -649.238494 1.684721 14.948353 1.000000 0.014944
65.600000 -115.041123 -647.753349 1.690658 15.048353 1.000000 0.011915
65.700000 -115.221064 -646.259311 1.697236 15.148353 1.000000 0.013113
65.800000 -115.412089 -644.756568 1.702627 15.248353 1.000000 0.010676
65.900000 -115.612528 -643.244964 1.708469 15.348353 1.000000 0.011493
66.000000 -115.823165 -641.724651 1.713329 15.448353 1.000000 0.009500
66.100000 -116.042611 -640.195481 1.718587 15.548353 1.000000 0.010211
66.200000 -116.271566 -638.657596 1.722838 15.648353 1.000000 0.008201
66.300000 -116.508571 -637.110812 1.727600 15.748353 1.000000 0.009129
66.400000 -116.754500 -635.555298 1.731246 15.848353 1.000000 0.006946
66.500000 -117.007698 -633.990819 1.735534 15.948353 1.000000 0.008117
66.600000 -117.269241 -632.417576 1.738520 16.048353 1.000000 0.005616
66.700000 -117.537150 -630.835261 1.742405 16.148353 1.000000 0.007261
66.800000 -117.812911 -629.244145 1.744720 16.248353 1.000000 0.004301
66.900000 -118.094085 -627.643823 1.748242 16.348353 1.000000 0.006503
67.000000 -118.382660 -626.034658 1.751310 16.448353 1.000000 0.005629
67.100000 -118.677965 -624.416549 1.753563 16.548353 1.000000 0.004109
67.200000 -118.978732 -622.789275 1.756190 16.648353 1.000000 0.004763
67.300000 -119.285618 -621.152969 1.758198 16.748353 1.000000 0.003618
67.400000 -119.597650 -619.507457 1.759902 16.848353 1.000000 0.003053
67.500000 -119.914367 -617.852658 1.761739 16.948353 1.000000 0.003271
67.600000 -120.236021 -616.188625 1.762910 17.048353 1.000000 0.002073
67.700000 -120.561533 -614.515154 1.763941 17.148353 1.000000 0.001813
67.800000 -120.890688 -612.832205 1.765063 17.248218 0.998649 0.001964
67.900000 -121.223660 -611.139828 1.765554 17.326425 0.782066 0.000854
68.000000 -121.558977 -609.439942 1.765601 17.390690 0.642654 0.000082
68.100000 -121.895617 -607.733767 1.765992 17.437083 0.463925 0.000674
68.200000 -122.233824 -606.023172 1.765810 17.467431 0.303478 -0.000313
68.300000 -122.572308 -604.309538 1.764641 17.483537 0.161067 -0.002007
68.400000 -122.909100 -602.593930 1.764377 17.492435 0.088977 -0.000453
68.500000 -123.245609 -600.877360 1.763529 17.489519 -0.029160 -0.001456
68.600000 -123.580606 -599.160790 1.761697 17.476140 -0.133785 -0.003141
68.700000 -123.912205 -597.444924 1.760235 17.458865 -0.172752 -0.002511
68.800000 -124.240968 -595.730271 1.758535 17.432794 -0.260710 -0.002921
68.900000 -124.566329 -594.017623 1.756031 17.398960 -0.338344 -0.004308
69.000000 -124.886778 -592.307492 1.752322 17.357957 -0.410028 -0.006395
69.100000 -125.200142 -590.600216 1.750054 17.316056 -0.419013 -0.003920
69.200000 -125.508885 -588.896357 1.746785 17.267996 -0.480599 -0.005662
69.300000 -125.811216 -587.196230 1.742183 17.214544 -0.534517 -0.007995
69.400000 -126.104809 -585.499996 1.738497 17.161676 -0.528677 -0.006423
69.500000 -126.391265 -583.807904 1.734012 17.103772 -0.579047 -0.007840
69.600000 -126.669188 -582.120259 1.728066 17.041494 -0.622771 -0.010429
69.700000 -126.936097 -580.437141 1.722937 16.980750 -0.607447 -0.009031
69.800000 -127.193446 -578.758680 1.716859 16.915812 -0.649377 -0.010738
69.900000 -127.439645 -577.085111 1.709043 16.847277 -0.685356 -0.013861
70.000000 -127.671811 -575.416457 1.702342 16.780972 -0.663046 -0.011931
70.100000 -127.891922 -573.752858 1.694220 16.711132 -0.698397 -0.014520
70.200000 -128.097653 -572.094457 1.683914 16.638305 -0.728270 -0.018498
70.300000 -128.285462 -570.441260 1.675365 16.568081 -0.702243 -0.015415
70.400000 -128.458396 -568.793502 1.664494 16.494876 -0.732048 -0.019680
70.500000 -128.612723 -567.151250 1.650455 16.418922 -0.759540 -0.025528
70.600000 -128.743376 -565.514564 1.639591 16.346009 -0.729129 -0.019848
70.700000 -128.855740 -563.883830 1.624718 16.270347 -0.756626 -0.027289
70.800000 -128.943430 -562.259160 1.605404 16.192327 -0.780193 -0.035598
70.900000 -128.999456 -560.640897 1.591440 16.117584 -0.747428 -0.025865
71.000000 -129.032726 -559.029482 1.573255 16.040354 -0.772304 -0.033835
71.100000 -129.036670 -557.425451 1.559493 15.966248 -0.741064 -0.025732
71.200000 -129.018624 -555.828929 1.544424 15.889613 -0.766342 -0.028307
71.300000 -128.976724 -554.240520 1.532403 15.816007 -0.736062 -0.022691
71.400000 -128.916016 -552.660085 1.521877 15.739790 -0.762174 -0.019964
71.500000 -128.839048 -551.087989 1.511661 15.661337 -0.784531 -0.019468
71.600000 -128.746488 -549.524593 1.505476 15.586190 -0.751465 -0.011847
71.700000 -128.644751 -547.969297 1.498368 15.508637 -0.775526 -0.013681
71.800000 -128.532522 -546.422500 1.493135 15.434326 -0.743110 -0.010121
71.900000 -128.412778 -544.883719 1.487301 15.357478 -0.768485 -0.011340
72.000000 -128.284699 -543.353322 1.482280 15.283791 -0.736868 -0.009807
72.100000 -128.149589 -541.830926 1.477116 15.207584 -0.762071 -0.010135
72.200000 -128.007333 -540.316836 1.472071 15.134465 -0.731190 -0.009953
72.300000 -127.858160 -538.810759 1.467202 15.058635 -0.758300 -0.009651
72.400000 -127.702440 -537.312968 1.462289 14.985815 -0.728197 -0.009789
72.500000 -127.540151 -535.823200 1.457497 14.910322 -0.754932 -0.009593
72.600000 -127.371579 -534.341728 1.452663 14.837814 -0.725086 -0.009725
72.700000 -127.196702 -532.868288 1.447728 14.762560 -0.752532 -0.009977
72.800000 -127.015481 -531.403197 1.443117 14.690214 -0.723462 -0.009372
72.900000 -126.828425 -529.946134 1.437768 14.615136 -0.750782 -0.010923
73.000000 -126.634575 -528.497533 1.433404 14.543028 -0.721080 -0.008957
73.100000 -126.435393 -527.056935 1.427497 14.468148 -0.748804 -0.012186
73.200000 -126.228774 -525.624950 1.423478 14.396115 -0.720322 -0.008333
73.300000 -126.017458 -524.200932 1.416705 14.321335 -0.747801 -0.014113
73.400000 -125.797651 -522.785767 1.412844 14.249419 -0.719159 -0.008087
73.500000 -125.573512 -521.378564 1.407945 14.180029 -0.693901 -0.010313
73.600000 -125.343608 -519.979322 1.402425 14.107638 -0.723910 -0.011679
73.700000 -125.107196 -518.588508 1.397654 14.037880 -0.697588 -0.010145
73.800000 -124.865353 -517.205709 1.390531 13.965069 -0.728110 -0.015220
73.900000 -124.614973 -515.831831 1.386127 13.894898 -0.701705 -0.009462
74.000000 -124.359833 -514.465967 1.380644 13.827068 -0.678303 -0.011837
74.100000 -124.098490 -513.108183 1.373876 13.755899 -0.711684 -0.014684
74.200000 -123.829355 -511.759178 1.368935 13.687164 -0.687352 -0.010776
74.300000 -123.554936 -510.418253 1.362744 13.620592 -0.665725 -0.013567
74.400000 -123.273597 -509.085567 1.355658 13.550525 -0.700667 -0.015607
74.500000 -122.984317 -507.761752 1.350082 13.482772 -0.677533 -0.012343
74.600000 -122.689144 -506.446182 1.343325 13.417081 -0.656904 -0.015035
74.700000 -122.386569 -505.139037 1.335406 13.347837 -0.692443 -0.017706
74.800000 -122.075266 -503.841062 1.329205 13.280844 -0.669927 -0.013935
74.900000 -121.757525 -502.551547 1.321849 13.215866 -0.649779 -0.016616
75.000000 -121.431907 -501.270702 1.315009 13.147347 -0.685190 -0.015525
75.100000 -121.099270 -499.998743 1.307324 13.081056 -0.662916 -0.017534
75.200000 -120.758594 -498.735778 1.301282 13.016764 -0.642919 -0.013856
75.300000 -120.412005 -497.481092 1.291785 12.948785 -0.679792 -0.021883
75.400000 -120.055389 -496.236289 1.282032 12.882949 -0.658354 -0.022593
75.500000 -119.688524 -495.001334 1.273568 12.819047 -0.639027 -0.019707
75.600000 -119.313092 -493.775638 1.266255 12.756785 -0.622616 -0.017113
75.700000 -118.930572 -492.558660 1.253789 12.690668 -0.661172 -0.029308
75.800000 -118.534974 -491.352828 1.241908 12.626531 -0.641368 -0.028079
75.900000 -118.127148 -490.157850 1.231716 12.564088 -0.624427 -0.024212
76.000000 -117.709241 -488.972981 1.217759 12.497787 -0.663009 -0.033313
76.100000 -117.277130 -487.800280 1.204007 12.433439 -0.643483 -0.032998
76.200000 -116.831242 -486.639639 1.190452 12.370873 -0.625660 -0.032694
76.300000 -116.371986 -485.490957 1.177863 12.309840 -0.610325 -0.030521
76.400000 -115.900642 -484.353787 1.165803 12.250223 -0.596179 -0.029381
76.500000 -115.417968 -483.227863 1.145984 12.186416 -0.638069 -0.048499
76.600000 -114.915704 -482.117539 1.127093 12.124304 -0.621120 -0.046470
76.700000 -114.395224 -481.022510 1.108973 12.063667 -0.606367 -0.044806
76.800000 -113.857689 -479.942521 1.091416 12.004408 -0.592590 -0.043631
76.900000 -113.304011 -478.877393 1.064906 11.940995 -0.634125 -0.066154
77.000000 -112.725367 -477.832862 1.039322 11.879209 -0.617867 -0.064190
77.100000 -112.123322 -476.808802 1.013749 11.818860 -0.603491 -0.064491
77.200000 -111.498481 -475.805594 0.987818 11.759786 -0.590732 -0.065728
77.300000 -110.851089 -474.823855 0.961041 11.701850 -0.579360 -0.068204
77.400000 -110.180962 -473.864552 0.932916 11.644934 -0.569166 -0.071978
77.500000 -109.487514 -472.929045 0.890507 11.583597 -0.613371 -0.108824
77.600000 -108.758885 -472.028546 0.852141 11.523708 -0.598892 -0.099037
77.700000 -108.000195 -471.161166 0.816675 11.465057 -0.586508 -0.092069
77.800000 -107.215241 -470.325509 0.783673 11.407542 -0.575149 -0.086140
77.900000 -106.407216 -469.520267 0.752777 11.351001 -0.565406 -0.081075
78.000000 -105.578827 -468.744235 0.723951 11.295371 -0.556307 -0.076039
78.100000 -104.732584 -467.996087 0.688404 11.251634 -0.437371 -0.094130
78.200000 -103.863664 -467.281264 0.658235 11.223756 -0.278775 -0.080267
78.300000 -102.975783 -466.594683 0.631576 11.210023 -0.137333 -0.071137
78.400000 -102.071024 -465.932824 0.607284 11.208907 -0.011154 -0.064918
78.500000 -101.150548 -465.293200 0.584640 11.219052 0.101447 -0.060531
78.600000 -100.214979 -464.674021 0.563236 11.239112 0.200600 -0.057172
78.700000 -99.264676 -464.073936 0.542790 11.268026 0.289140 -0.054523
78.800000 -98.299828 -463.491913 0.515817 11.315979 0.479527 -0.071689
78.900000 -97.315462 -462.933757 0.491582 11.369802 0.538232 -0.064163
79.000000 -96.313115 -462.397078 0.469227 11.428739 0.589369 -0.058917
79.100000 -95.293765 -461.880275 0.448207 11.492253 0.635140 -0.055119
79.200000 -94.258054 -461.382257 0.428185 11.559865 0.676123 -0.052220
79.300000 -93.206429 -460.902268 0.408939 11.631149 0.712833 -0.049906
79.400000 -92.139220 -460.439772 0.390313 11.705721 0.745729 -0.048005
79.500000 -91.056687 -459.994396 0.364981 11.794157 0.884358 -0.064830
79.600000 -89.954959 -459.573425 0.342205 11.883911 0.897537 -0.057868
79.700000 -88.835474 -459.174642 0.321187 11.974854 0.909430 -0.053010
79.800000 -87.699226 -458.796604 0.301449 12.066870 0.920161 -0.049408
79.900000 -86.546952 -458.438334 0.282688 12.159854 0.929842 -0.046609
80.000000 -85.379230 -458.099149 0.257263 12.259854 1.000000 -0.062645
80.100000 -84.193592 -457.787216 0.234511 12.359854 1.000000 -0.055617
80.200000 -82.991438 -457.500013 0.213590 12.459854 1.000000 -0.050737
80.300000 -81.773766 -457.235903 0.194013 12.559854 1.000000 -0.047100
80.400000 -80.541345 -456.993751 0.167946 12.659854 1.000000 -0.062182
80.500000 -79.293172 -456.782131 0.144705 12.759854 1.000000 -0.055019
80.600000 -78.030522 -456.598133 0.123390 12.859854 1.000000 -0.050073
80.700000 -76.754314 -456.439858 0.103503 12.951639 0.917852 -0.046360
80.800000 -75.466081 -456.306043 0.076190 13.022692 0.710530 -0.063181
80.900000 -74.167590 -456.206920 0.052146 13.080611 0.579183 -0.055332
81.000000 -72.861307 -456.138740 0.030351 13.126848 0.462377 -0.049946
81.100000 -71.549227 -456.098905 0.001504 13.157421 0.305722 -0.065830
81.200000 -70.233486 -456.096926 -0.023749 13.179349 0.219283 -0.057517
81.300000 -68.915923 -456.128223 -0.046596 13.193595 0.142459 -0.051959
81.400000 -67.597996 -456.189678 -0.077003 13.195702 0.021074 -0.069030
81.500000 -66.282336 -456.291188 -0.103548 13.192275 -0.034272 -0.060276
81.600000 -64.970174 -456.427547 -0.127594 13.183934 -0.083409 -0.054629
81.700000 -63.662498 -456.595311 -0.159862 13.165963 -0.179715 -0.073294
81.800000 -62.362689 -456.804889 -0.187992 13.144715 -0.212475 -0.064010
81.900000 -61.071377 -457.050547 -0.213567 13.120499 -0.242161 -0.058303
82.000000 -59.789135 -457.328632 -0.247985 13.088366 -0.321334 -0.078535
82.100000 -58.520337 -457.649888 -0.277968 13.054500 -0.338653 -0.068616
82.200000 -57.264997 -458.008106 -0.305278 13.019106 -0.353943 -0.062679
82.300000 -56.023283 -458.399406 -0.342132 12.977057 -0.420494 -0.084719
82.400000 -54.800790 -458.834782 -0.374267 12.934350 -0.427067 -0.074154
82.500000 -53.596892 -459.307650 -0.403716 12.891069 -0.432811 -0.068198
82.600000 -52.411420 -459.814060 -0.444066 12.842020 -0.490493 -0.093627
82.700000 -51.251769 -460.365772 -0.479747 12.793121 -0.488981 -0.083161
82.800000 -50.116876 -460.956245 -0.512958 12.744364 -0.487571 -0.077725
82.900000 -49.006464 -461.581683 -0.544935 12.695674 -0.486904 -0.075130
83.000000 -47.920780 -462.239779 -0.591596 12.641742 -0.539324 -0.109818
83.100000 -46.871450 -462.944792 -0.632877 12.588461 -0.532801 -0.097651
83.200000 -45.856406 -463.689358 -0.671086 12.535721 -0.527402 -0.090807
83.300000 -44.874675 -464.468876 -0.722778 12.478201 -0.575202 -0.123083
83.400000 -43.938846 -465.294272 -0.767311 12.421754 -0.564474 -0.106659
83.500000 -43.044753 -466.156593 -0.807498 12.366195 -0.555584 -0.096752
83.600000 -42.189867 -467.050124 -0.859257 12.311977 -0.542185 -0.124913
83.700000 -41.385894 -467.982581 -0.903349 12.265488 -0.464882 -0.107027
83.800000 -40.626682 -468.945918 -0.942533 12.228665 -0.368240 -0.095547
83.900000 -39.907954 -469.935278 -0.978398 12.203186 -0.254782 -0.087760
84.000000 -39.226586 -470.947659 -1.024739 12.201631 -0.015550 -0.113435
84.100000 -38.592929 -471.990384 -1.064143 12.211384 0.097525 -0.096580
84.200000 -38.000367 -473.058115 -1.098938 12.231218 0.198346 -0.085274
84.300000 -37.444406 -474.147581 -1.130390 12.260056 0.288377 -0.076992
84.400000 -36.921751 -475.256599 -1.170215 12.308000 0.479437 -0.097145
84.500000 -36.441797 -476.389962 -1.203722 12.361767 0.537675 -0.081489
84.600000 -35.998150 -477.543786 -1.232943 12.420784 0.590165 -0.070796
84.700000 -35.586447 -478.715648 -1.267864 12.495638 0.748543 -0.084147
84.800000 -35.213677 -479.908314 -1.297033 12.573412 0.777739 -0.069916
84.900000 -34.873747 -481.118832 -1.322191 12.653871 0.804592 -0.059953
85.000000 -34.562395 -482.345317 -1.344376 12.736564 0.826925 -0.052549
85.100000 -34.276472 -483.586465 -1.371754 12.832377 0.958127 -0.064398
85.200000 -34.022737 -484.844367 -1.394522 12.928756 0.963790 -0.053177
85.300000 -33.796014 -486.117208 -1.414080 13.025733 0.969775 -0.045351
85.400000 -33.592714 -487.403818 -1.437267 13.125733 1.000000 -0.053353
85.500000 -33.417967 -488.704707 -1.456452 13.225733 1.000000 -0.043820
85.600000 -33.267067 -490.018644 -1.472744 13.325733 1.000000 -0.036940
85.700000 -33.136615 -491.344817 -1.491974 13.425733 1.000000 -0.043264
85.800000 -33.030899 -492.683221 -1.507821 13.525733 1.000000 -0.035397
85.900000 -32.945777 -494.033113 -1.521205 13.625733 1.000000 -0.029677
86.000000 -32.878233 -495.394012 -1.537088 13.725733 1.000000 -0.034956
86.100000 -32.831975 -496.765805 -1.550111 13.825733 1.000000 -0.028456
86.200000 -32.803378 -498.148083 -1.560964 13.925733 1.000000 -0.023546
86.300000 -32.789686 -499.540589 -1.574214 14.025733 1.000000 -0.028537
86.400000 -32.794480 -500.943154 -1.584877 14.125733 1.000000 -0.022803
86.500000 -32.814370 -502.355587 -1.596640 14.225733 1.000000 -0.024977
86.600000 -32.851131 -503.777685 -1.606273 14.325733 1.000000 -0.020312
86.700000 -32.901944 -505.209357 -1.614067 14.425733 1.000000 -0.016318
86.800000 -32.964345 -506.650580 -1.623562 14.525733 1.000000 -0.019744
86.900000 -33.040955 -508.101132 -1.631070 14.625733 1.000000 -0.015504
87.000000 -33.129056 -509.561050 -1.639391 14.725733 1.000000 -0.017066
87.100000 -33.229986 -511.030160 -1.646033 14.825733 1.000000 -0.013533
87.200000 -33.341426 -512.508539 -1.653068 14.925733 1.000000 -0.014234
87.300000 -33.464085 -513.996064 -1.658842 15.025733 1.000000 -0.011605
87.400000 -33.596209 -515.492817 -1.664660 15.125733 1.000000 -0.011616
87.500000 -33.737977 -516.998732 -1.669525 15.225733 1.000000 -0.009648
87.600000 -33.888055 -518.513891 -1.674236 15.325733 1.000000 -0.009283
87.700000 -34.046302 -520.038272 -1.678232 15.425733 1.000000 -0.007820
87.800000 -34.211710 -521.571951 -1.681944 15.525733 1.000000 -0.007220
87.900000 -34.383920 -523.114945 -1.685136 15.625733 1.000000 -0.006168
88.000000 -34.562195 -524.667315 -1.687929 15.725733 1.000000 -0.005362
88.100000 -34.745975 -526.229112 -1.690333 15.825733 1.000000 -0.004586
88.200000 -34.934700 -527.800392 -1.692328 15.925733 1.000000 -0.003782
88.300000 -35.127773 -529.381219 -1.693801 16.025733 1.000000 -0.002774
88.400000 -35.324400 -530.971684 -1.695070 16.125733 1.000000 -0.002376
88.500000 -35.524285 -532.571821 -1.695504 16.225733 1.000000 -0.000806
88.600000 -35.726108 -534.181794 -1.696041 16.325733 1.000000 -0.000994
88.700000 -35.930045 -535.801579 -1.695588 16.425733 1.000000 0.000833
88.800000 -36.134494 -537.431379 -1.695177 16.525733 1.000000 0.000752
88.900000 -36.339512 -539.071186 -1.694100 16.625733 1.000000 0.001954
89.000000 -36.543994 -540.721137 -1.691736 16.725733 1.000000 0.004267
89.100000 -36.745781 -542.381493 -1.690211 16.825733 1.000000 0.002734
89.200000 -36.946228 -544.052084 -1.687479 16.925733 1.000000 0.004871
89.300000 -37.143275 -545.733148 -1.684572 17.025733 1.000000 0.005153
89.400000 -37.336569 -547.424714 -1.680973 17.125733 1.000000 0.006341
89.500000 -37.524873 -549.126903 -1.675997 17.225733 1.000000 0.008717
89.600000 -37.705754 -550.839953 -1.671503 17.325733 1.000000 0.007825
89.700000 -37.879942 -552.563748 -1.665928 17.425733 1.000000 0.009653
89.800000 -38.045466 -554.298442 -1.658829 17.525733 1.000000 0.012222
89.900000 -38.199550 -556.044229 -1.649922 17.625733 1.000000 0.015245
90.000000 -38.338869 -557.801287 -1.643379 17.725733 1.000000 0.011136
90.100000 -38.467415 -559.569194 -1.634351 17.825733 1.000000 0.015278
90.200000 -38.580630 -561.348168 -1.623171 17.915542 0.898092 0.018813
90.300000 -38.674419 -563.137266 -1.609720 17.984578 0.690359 0.022521
90.400000 -38.744404 -564.934361 -1.600062 18.040610 0.560316 0.016109
90.500000 -38.797194 -566.737650 -1.586609 18.079774 0.391644 0.022368
90.600000 -38.825782 -568.545401 -1.570120 18.103785 0.240104 0.027353
90.700000 -38.824557 -570.355779 -1.550949 18.114455 0.106705 0.031759
90.800000 -38.788607 -572.166868 -1.536377 18.118523 0.040680 0.024127
90.900000 -38.726257 -573.977647 -1.516584 18.111412 -0.071113 0.032761
91.000000 -38.628119 -575.786127 -1.492761 18.094258 -0.171544 0.039440
91.100000 -38.487064 -577.590047 -1.466169 18.068217 -0.260401 0.044061
91.200000 -38.298366 -579.386988 -1.438441 18.034332 -0.338855 0.046006
91.300000 -38.060369 -581.174648 -1.419676 17.998773 -0.355594 0.031206
91.400000 -37.789406 -582.954012 -1.397149 17.956343 -0.424298 0.037530
91.500000 -37.479163 -584.722643 -1.373728 17.932460 -0.238830 0.039110
91.600000 -37.128055 -586.481180 -1.349625 17.934007 0.015469 0.040301
91.700000 -36.734633 -588.230896 -1.333298 17.946797 0.127901 0.027305
91.800000 -36.312395 -589.975198 -1.313888 17.980251 0.334541 0.032434
91.900000 -35.855533 -591.714212 -1.292928 18.032140 0.518891 0.034959
92.000000 -35.360900 -593.448259 -1.270955 18.100486 0.683464 0.036539
92.100000 -34.826269 -595.177550 -1.255141 18.172407 0.719206 0.026205
92.200000 -34.262125 -596.905006 -1.236872 18.258668 0.862613 0.030149
92.300000 -33.663692 -598.630019 -1.217512 18.357756 0.990877 0.031800
92.400000 -33.028548 -600.352419 -1.197233 18.457756 1.000000 0.033126
92.500000 -32.354960 -602.070897 -1.176291 18.557756 1.000000 0.034024
92.600000 -31.641690 -603.784125 -1.161904 18.657756 1.000000 0.023255
92.700000 -30.899870 -605.496089 -1.145313 18.757756 1.000000 0.026670
92.800000 -30.125622 -607.204619 -1.127827 18.857756 1.000000 0.027959
92.900000 -29.317334 -608.908386 -1.109450 18.957756 1.000000 0.029226
93.000000 -28.473422 -610.605966 -1.090371 19.057756 1.000000 0.030184
93.100000 -27.592655 -612.296004 -1.071654 19.157756 1.000000 0.029454
93.200000 -26.675626 -613.978043 -1.059171 19.257756 1.000000 0.019546
93.300000 -25.732775 -615.657223 -1.044136 19.357756 1.000000 0.023417
93.400000 -24.759760 -617.330682 -1.028320 19.457756 1.000000 0.024507
93.500000 -23.755236 -618.997108 -1.012365 19.557756 1.000000 0.024593
93.600000 -22.718956 -620.655777 -0.996475 19.657756 1.000000 0.024369
93.700000 -21.651019 -622.306166 -0.980615 19.757756 1.000000 0.024200
93.800000 -20.551477 -623.947719 -0.964573 19.857756 1.000000 0.024353
93.900000 -19.420045 -625.579640 -0.948515 19.957756 1.000000 0.024255
94.000000 -18.256726 -627.201309 -0.932591 20.057756 1.000000 0.023932
94.100000 -17.061775 -628.812280 -0.916862 20.157756 1.000000 0.023521
94.200000 -15.835551 -630.412194 -0.905516 20.257756 1.000000 0.016884
94.300000 -14.585081 -632.005961 -0.892102 20.357756 1.000000 0.019862
94.400000 -13.307068 -633.590595 -0.878103 20.457756 1.000000 0.020628
94.500000 -12.000611 -635.164878 -0.864004 20.557756 1.000000 0.020672
94.600000 -10.665595 -636.728190 -0.849960 20.657756 1.000000 0.020491
94.700000 -9.302156 -638.280113 -0.836016 20.757756 1.000000 0.020247
94.800000 -7.910506 -639.820293 -0.822181 20.857756 1.000000 0.019993
94.900000 -6.490874 -641.348398 -0.808451 20.957756 1.000000 0.019744
95.000000 -5.043491 -642.864102 -0.794824 21.057756 1.000000 0.019505
95.100000 -3.568584 -644.367079 -0.781296 21.157756 1.000000 0.019270
95.200000 -2.066380 -645.857008 -0.767877 21.257756 1.000000 0.019025
95.300000 -0.537124 -647.333592 -0.754606 21.357756 1.000000 0.018726
95.400000 1.018876 -648.796602 -0.741678 21.457756 1.000000 0.018157
95.500000 2.601033 -650.246131 -0.729192 21.554516 0.967595 0.017456
95.600000 4.208382 -651.682237 -0.717011 21.640603 0.860869 0.016952
95.700000 5.839593 -653.104316 -0.705041 21.717194 0.765915 0.016592
95.800000 7.493541 -654.511732 -0.693224 21.785337 0.681435 0.016322
95.900000 9.169247 -655.903860 -0.682107 21.845965 0.606272 0.015308
96.000000 10.865032 -657.281095 -0.665158 21.899905 0.539401 0.023270
96.100000 12.588158 -658.632721 -0.651002 21.947895 0.479905 0.019390
96.200000 14.334062 -659.962728 -0.638132 21.990592 0.426971 0.017590
96.300000 16.100369 -661.272699 -0.626719 22.028580 0.379876 0.015569
96.400000 17.884587 -662.564654 -0.615939 22.062378 0.337976 0.014680
96.500000 19.685388 -663.839253 -0.599980 22.092447 0.300697 0.021697
96.600000 21.508781 -665.086650 -0.586090 22.119200 0.267530 0.018859
96.700000 23.351553 -666.310080 -0.573089 22.143002 0.238022 0.017632
96.800000 25.212075 -667.510740 -0.561587 22.164179 0.211768 0.015582
96.900000 27.088076 -668.691049 -0.550841 22.183020 0.188410 0.014543
97.000000 28.978257 -669.852117 -0.534791 22.199783 0.167628 0.021703
97.100000 30.888271 -670.983554 -0.520579 22.214697 0.149139 0.019203
97.200000 32.815466 -672.088474 -0.507375 22.227966 0.132689 0.017829
97.300000 34.758241 -673.168497 -0.495735 22.239771 0.118053 0.015709
97.400000 36.714494 -674.226394 -0.484715 22.250274 0.105032 0.014864
97.500000 38.683215 -675.263160 -0.467377 22.259619 0.093447 0.023373
97.600000 40.670450 -676.266059 -0.452710 22.267933 0.083140 0.019765
97.700000 42.672927 -677.240068 -0.438815 22.275330 0.073969 0.018717
97.800000 44.689414 -678.186474 -0.425748 22.281911 0.065811 0.017597
97.900000 46.718695 -679.106721 -0.413423 22.287766 0.058552 0.016592
98.000000 48.759699 -680.002125 -0.401345 22.292976 0.052093 0.016257
98.100000 50.811849 -680.873014 -0.383448 22.297610 0.046348 0.024079
98.200000 52.879685 -681.707213 -0.367975 22.301734 0.041235 0.020815
98.300000 54.960565 -682.509466 -0.353229 22.305403 0.036687 0.019833
98.400000 57.053393 -683.281075 -0.339514 22.308667 0.032641 0.018444
98.500000 59.156915 -684.024018 -0.326580 22.311571 0.029040 0.017391
98.600000 61.270144 -684.739785 -0.308006 22.314154 0.025837 0.024969
98.700000 63.396549 -685.416260 -0.291354 22.316453 0.022987 0.022385
98.800000 65.534144 -686.057298 -0.275369 22.318498 0.020452 0.021484
98.900000 67.681908 -686.664143 -0.260648 22.320318 0.018196 0.019785
99.000000 69.838549 -687.239353 -0.246390 22.321937 0.016189 0.019161
99.100000 72.003329 -687.783796 -0.225511 22.323377 0.014403 0.028054
99.200000 74.179144 -688.282956 -0.207343 22.324659 0.012815 0.024410
99.300000 76.363793 -688.742533 -0.189837 22.325799 0.011401 0.023521
99.400000 78.556264 -689.163819 -0.173010 22.326813 0.010144 0.022607
99.500000 80.755614 -689.548172 -0.156690 22.327716 0.009025 0.021926
99.600000 82.961032 -689.896595 -0.133894 22.328518 0.008029 0.030620
99.700000 85.173899 -690.194668 -0.113645 22.329233 0.007144 0.027199
99.800000 87.392419 -690.447882 -0.094166 22.329868 0.006356 0.026165
99.900000 89.615513 -690.657842 -0.075292 22.330434 0.005655 0.025351
100.000000 91.842230 -690.825813 -0.056782 22.325639 -0.047950 0.024863
100.100000 94.071196 -690.952513 -0.038287 22.310812 -0.148269 0.024847
100.200000 96.300642 -691.037913 -0.010156 22.281867 -0.289445 0.037807
100.300000 98.528713 -691.060543 0.013127 22.245672 -0.361957 0.031338
100.400000 100.753089 -691.031342 0.033885 22.203070 -0.426013 0.027986
100.500000 102.972121 -690.956121 0.052616 22.154815 -0.482553 0.025303
100.600000 105.184537 -690.839605 0.076771 22.112476 -0.423396 0.032697
100.700000 107.389271 -690.670011 0.096751 22.097933 -0.145428 0.027099
100.800000 109.588730 -690.456545 0.115497 22.107993 0.100603 0.025445
100.900000 111.784800 -690.201771 0.133677 22.133031 0.250383 0.024664
101.000000 113.978357 -689.906785 0.151244 22.155308 0.222766 0.023807
101.100000 116.168597 -689.572975 0.168062 22.175127 0.198195 0.022769
101.200000 118.354866 -689.202047 0.184234 22.192761 0.176334 0.021876
101.300000 120.536585 -688.795489 0.206532 22.208449 0.156884 0.030133
101.400000 122.710233 -688.340067 0.225180 22.222407 0.139580 0.025185
101.500000 124.876370 -687.843881 0.242350 22.234826 0.124184 0.023175
101.600000 127.034876 -687.310280 0.258228 22.245874 0.110487 0.021420
101.700000 129.185705 -686.742192 0.272997 22.255704 0.098300 0.019915
101.800000 131.328856 -686.142136 0.293593 22.264450 0.087458 0.027755
101.900000 133.460032 -685.497818 0.310903 22.272231 0.077811 0.023320
102.000000 135.580477 -684.816469 0.326532 22.279154 0.069228 0.021048
102.100000 137.690670 -684.101843 0.340611 22.285313 0.061593 0.018956
102.200000 139.791175 -683.357374 0.353949 22.290793 0.054799 0.017955
102.300000 141.882076 -682.584764 0.372747 22.295669 0.048755 0.025293
102.400000 143.958539 -681.772811 0.387886 22.300006 0.043377 0.020367
102.500000 146.022875 -680.929353 0.401674 22.303866 0.038592 0.018547
102.600000 148.075740 -680.057362 0.414601 22.307299 0.034336 0.017386
102.700000 150.117477 -679.158770 0.426693 22.310354 0.030549 0.016261
102.800000 152.148476 -678.235427 0.437744 22.313072 0.027179 0.014859
102.900000 154.169394 -677.289582 0.451904 22.315490 0.024181 0.019036
103.000000 156.176934 -676.315111 0.464225 22.317642 0.021514 0.016562
103.100000 158.172508 -675.315883 0.475330 22.319556 0.019141 0.014927
103.200000 160.157032 -674.294468 0.485003 22.321259 0.017030 0.013000
103.300000 162.131735 -673.253827 0.493531 22.322774 0.015151 0.011462
103.400000 164.097625 -672.196311 0.506037 22.324122 0.013480 0.016805
103.500000 166.050253 -671.114227 0.516276 22.325321 0.011993 0.013759
103.600000 167.991805 -670.012149 0.524981 22.326388 0.010670 0.011696
103.700000 169.923782 -668.893158 0.532305 22.327337 0.009493 0.009841
103.800000 171.847594 -667.760000 0.541530 22.328182 0.008446 0.012395
103.900000 173.760943 -666.609099 0.549911 22.328934 0.007515 0.011260
104.000000 175.664643 -665.442164 0.557510 22.329602 0.006686 0.010209
104.100000 177.559478 -664.260760 0.563955 22.330197 0.005948 0.008659
104.200000 179.446709 -663.067138 0.569258 22.330726 0.005292 0.007124
104.300000 181.327629 -661.863496 0.575918 22.331197 0.004709 0.008947
104.400000 183.200530 -660.647327 0.582209 22.331616 0.004189 0.008451
104.500000 185.065778 -659.419378 0.587926 22.331989 0.003727 0.007679
104.600000 186.924007 -658.180764 0.592660 22.332320 0.003316 0.006360
104.700000 188.776379 -656.933349 0.596274 22.332615 0.002950 0.004854
104.800000 190.624255 -655.679232 0.599112 22.332878 0.002625 0.003812
104.900000 192.468586 -654.419861 0.603802 22.333111 0.002335 0.006301
105.000000 194.307009 -653.151839 0.607893 22.333319 0.002078 0.005494
105.100000 196.140247 -651.876296 0.611259 22.333504 0.001849 0.004522
105.200000 197.969196 -650.594578 0.613527 22.333668 0.001645 0.003046
105.300000 199.795247 -649.308706 0.614825 22.333815 0.001463 0.001743
105.400000 201.619639 -648.020457 0.615498 22.333945 0.001302 0.000904
105.500000 203.443174 -646.730973 0.617674 22.334061 0.001158 0.002923
105.600000 205.263909 -645.437516 0.619546 22.334164 0.001031 0.002514
105.700000 207.082227 -644.140648 0.620767 22.334256 0.000917 0.001639
105.800000 208.898969 -642.841557 0.620862 22.334337 0.000816 0.000129
105.900000 210.715593 -641.542286 0.620021 22.334410 0.000726 -0.001129
106.000000 212.533315 -640.244540 0.618593 22.334474 0.000646 -0.001918
106.100000 214.352893 -638.949386 0.617935 22.334532 0.000574 -0.000884
106.200000 216.173328 -637.655428 0.617577 22.334583 0.000511 -0.000481
106.300000 217.994230 -636.362117 0.616755 22.334628 0.000455 -0.001104
106.400000 219.816198 -635.070301 0.614735 22.334669 0.000405 -0.002714
106.500000 221.640776 -633.782167 0.611738 22.334705 0.000360 -0.004026
106.600000 223.469209 -632.499505 0.608158 22.334737 0.000320 -0.004808
106.700000 225.302226 -631.223395 0.604712 22.334765 0.000285 -0.004629
106.800000 227.139631 -629.953608 0.602139 22.334791 0.000253 -0.003456
106.900000 228.980299 -628.688551 0.599182 22.334813 0.000226 -0.003971
107.000000 230.824701 -627.428940 0.594796 22.334833 0.000201 -0.005892
107.100000 232.674612 -626.177431 0.589482 22.334851 0.000179 -0.007138
107.200000 234.531149 -624.935768 0.582304 22.334867 0.000159 -0.009641
107.300000 236.396553 -623.707463 0.577528 22.334881 0.000141 -0.006416
107.400000 238.267802 -622.488081 0.573067 22.334894 0.000126 -0.005991
107.500000 240.144474 -621.277056 0.567388 22.334905 0.000112 -0.007628
107.600000 242.027993 -620.076709 0.560276 22.334915 0.000100 -0.009553
107.700000 243.920002 -618.889786 0.552483 22.334924 0.000089 -0.010467
107.800000 245.821205 -617.717644 0.543656 22.334932 0.000079 -0.011856
107.900000 247.732681 -616.562329 0.536879 22.334939 0.000070 -0.009102
108.000000 249.651942 -615.419994 0.529269 22.334945 0.000062 -0.010221
108.100000 251.579842 -614.292297 0.520100 22.334950 0.000055 -0.012315
108.200000 253.518001 -613.182324 0.512272 22.334955 0.000049 -0.010515
108.300000 255.464789 -612.087556 0.502331 22.334960 0.000044 -0.013351
108.400000 257.422365 -611.012194 0.491480 22.334964 0.000039 -0.014574
108.500000 259.391494 -609.958137 0.482007 22.334967 0.000035 -0.012723
108.600000 261.370520 -608.922780 0.472991 22.334970 0.000031 -0.012110
108.700000 263.358800 -607.905308 0.458151 22.334973 0.000028 -0.019930
108.800000 265.361961 -606.917453 0.444783 22.334975 0.000024 -0.017955
108.900000 267.378148 -605.956464 0.431650 22.334978 0.000022 -0.017638
109.000000 269.406782 -605.022035 0.419446 22.334979 0.000019 -0.016392
109.100000 271.446668 -604.112433 0.407516 22.334981 0.000017 -0.016022
109.200000 273.497261 -603.227231 0.395377 22.334983 0.000015 -0.016304
109.300000 275.558448 -602.366986 0.377372 22.334984 0.000014 -0.024179
109.400000 277.634790 -601.543989 0.361400 22.334985 0.000012 -0.021449
109.500000 279.724010 -600.754259 0.345676 22.334986 0.000011 -0.021117
109.600000 281.825389 -599.997475 0.329839 22.334987 0.000010 -0.021270
109.700000 283.938490 -599.274066 0.314771 22.334988 0.000009 -0.020235
109.800000 286.062251 -598.582577 0.300033 22.334989 0.000008 -0.019793
109.900000 288.195972 -597.922462 0.285278 22.334990 0.000007 -0.019816
110.000000 290.339200 -597.293900 0.263875 22.334990 0.000006 -0.028740
110.100000 292.495390 -596.711351 0.245435 22.334991 0.000005 -0.024763
