0.0, 1.5953220696404586, 12.0
0.05025125628140704, 1.4970152686574294, 12.0
0.10050251256281408, 1.3972728793321847, 12.0
0.15075376884422112, 1.2961529538134553, 12.0
0.20100502512562815, 1.1937144885169388, 12.0
0.2512562814070352, 1.090015413368341, 12.0
0.30150753768844224, 0.9851123992094615, 12.0
0.35175879396984927, 0.8790645534665487, 12.0
0.4020100502512563, 0.7719270573884094, 12.0
0.45226130653266333, 0.6637601912550082, 12.0
0.5025125628140704, 0.554619034415071, 12.0
0.5527638190954774, 0.4445618613374944, 12.0
0.6030150753768845, 0.3336457100767782, 12.0
0.6532663316582915, 0.22192799007353825, 12.0
0.7035175879396985, 0.10946655222222468, 12.0
0.7537688442211056, -0.0036820384294378172, 12.0
0.8040201005025126, -0.11745850369967314, 12.0
0.8542713567839196, -0.23180436816141547, 12.0
0.9045226130653267, -0.3466612983575319, 12.0
0.9547738693467337, -0.46197128538028487, 12.0
1.0050251256281408, -0.5776716799817012, 12.0
1.0552763819095479, -0.6937029858389252, 12.0
1.105527638190955, -0.8100057717121478, 12.0
1.155778894472362, -0.9265170307456279, 12.0
1.206030150753769, -1.043173747189884, 12.0
1.256281407035176, -1.1599127764590131, 12.0
1.306532663316583, -1.2766704728155611, 12.0
1.35678391959799, -1.393381090689479, 12.0
1.407035175879397, -1.5099783466501884, 12.0
1.4572864321608041, -1.6263945155424624, 12.0
1.5075376884422111, -1.7425633256062156, 12.0
1.5577889447236182, -1.8584152168305959, 12.0
1.6080402010050252, -1.9738782754965667, 12.0
1.6582914572864322, -2.0888829098652333, 12.0
1.7085427135678393, -2.2033564634158775, 12.0
1.7587939698492463, -2.3172254233269536, 12.0
1.8090452261306533, -2.4304150326258545, 12.0
1.8592964824120604, -2.5428523946569377, 12.0
1.9095477386934674, -2.6544588753225775, 12.0
1.9597989949748744, -2.7651584956687913, 12.0
2.0100502512562817, -2.8748741166468434, 12.0
2.0603015075376887, -2.983526214479038, 12.0
2.1105527638190957, -3.091035580905693, 12.0
2.1608040201005028, -3.1973229738500737, 12.0
2.21105527638191, -3.3023084718692446, 12.0
2.261306532663317, -3.405909858672098, 12.0
2.311557788944724, -3.5080460867225316, 12.0
2.361809045226131, -3.6086374431132233, 12.0
2.412060301507538, -3.707600747585601, 12.0
2.462311557788945, -3.804854750526081, 12.0
2.512562814070352, -3.900319361682402, 12.0
2.562814070351759, -3.9939139347540715, 12.0
2.613065326633166, -4.08555616416677, 12.0
2.663316582914573, -4.175167822289294, 12.0
2.71356783919598, -4.262670111053228, 12.0
2.763819095477387, -4.347983061787611, 12.0
2.814070351758794, -4.43103117923752, 12.0
2.864321608040201, -4.511738248165351, 12.0
2.9145728643216082, -4.590029690943663, 12.0
2.9648241206030153, -4.665832936946319, 12.0
3.0150753768844223, -4.739076077472441, 12.0
3.0653266331658293, -4.809691787351215, 12.0
3.1155778894472363, -4.8776124876015015, 12.0
3.1658291457286434, -4.942773591895262, 12.0
3.2160804020100504, -5.005113183103152, 12.0
3.2663316582914574, -5.064571512041141, 12.0
3.3165829145728645, -5.121091568026694, 12.0
3.3668341708542715, -5.174621007028529, 12.0
3.4170854271356785, -5.225109034542454, 12.0
3.4673366834170856, -5.272508538218718, 12.0
3.5175879396984926, -5.31677684498965, 12.0
3.5678391959798996, -5.35787259438588, 12.0
3.6180904522613067, -5.395761629033874, 12.0
3.6683417085427137, -5.430410872690999, 12.0
3.7185929648241207, -5.461794106096978, 12.0
3.7688442211055277, -5.489886047293341, 12.0
3.819095477386935, -5.514669163495995, 12.0
3.869346733668342, -5.536127470345943, 12.0
3.919597989949749, -5.5542518163992, 12.0
3.969849246231156, -5.569036854269907, 12.0
4.020100502512563, -5.580482033486002, 12.0
4.07035175879397, -5.588593290445347, 12.0
4.120603015075377, -5.593377624659299, 12.0
4.170854271356784, -5.594851759908666, 12.0
4.2211055276381915, -5.59303479390476, 12.0
4.2713567839195985, -5.587952298114463, 12.0
4.3216080402010055, -5.5796329790852, 12.0
4.371859296482413, -5.568112035335391, 12.0
4.42211055276382, -5.553431486968571, 12.0
4.472361809045227, -5.535635257578969, 12.0
4.522613065326634, -5.514776757426173, 12.0
4.572864321608041, -5.490909239760264, 12.0
4.623115577889448, -5.464095623995777, 12.0
4.673366834170855, -5.434401738549009, 12.0
4.723618090452262, -5.401898766411382, 12.0
4.773869346733669, -5.366662826176844, 12.0
4.824120603015076, -5.3287752362808085, 12.0
4.874371859296483, -5.28832124437935, 12.0
4.92462311557789, -5.24539232959801, 12.0
4.974874371859297, -5.200082818587015, 12.0
5.025125628140704, -5.152490810259643, 12.0
5.075376884422111, -5.102722698398514, 12.0
5.125628140703518, -5.050883005436269, 12.0
5.175879396984925, -4.997085074515857, 12.0
5.226130653266332, -4.9414434942307, 12.0
5.276381909547739, -4.884075954951267, 12.0
5.326633165829146, -4.8251064859886235, 12.0
5.376884422110553, -4.764657915514653, 12.0
5.42713567839196, -4.702859726088426, 12.0
5.477386934673367, -4.639841537185695, 12.0
5.527638190954774, -4.575736806047051, 12.0
5.577889447236181, -4.510679556708092, 12.0
5.628140703517588, -4.444807655021024, 12.0
5.678391959798995, -4.378259914647196, 12.0
5.728643216080402, -4.31117547579447, 12.0
5.778894472361809, -4.243696416008985, 12.0
5.8291457286432165, -4.175962648788252, 12.0
5.8793969849246235, -4.1081195282943135, 12.0
5.9296482412060305, -4.040307144286639, 12.0
5.9798994974874375, -3.9726699541478454, 12.0
6.030150753768845, -3.9053480187198466, 12.0
6.080402010050252, -3.838484902202684, 12.0
6.130653266331659, -3.772221904440044, 12.0
6.180904522613066, -3.7066976695408673, 12.0
6.231155778894473, -3.642050515463914, 12.0
6.28140703517588, -3.578416501135263, 12.0
6.331658291457287, -3.5159314965158317, 12.0
6.381909547738694, -3.4547261929363957, 12.0
6.432160804020101, -3.394931523212754, 12.0
6.482412060301508, -3.336672768803572, 12.0
6.532663316582915, -3.2800751396086207, 12.0
6.582914572864322, -3.2252574646558667, 12.0
6.633165829145729, -3.172336862847355, 12.0
6.683417085427136, -3.121427174788919, 12.0
6.733668341708543, -3.072636801008975, 12.0
6.78391959798995, -3.026069263078158, 12.0
6.834170854271357, -2.9818258733373737, 12.0
6.884422110552764, -2.9400002510926027, 12.0
6.934673366834171, -2.9006837876849554, 12.0
6.984924623115578, -2.863961785399915, 12.0
7.035175879396985, -2.8299131530832664, 12.0
7.085427135678392, -2.798613631229154, 12.0
7.135678391959799, -2.770131731457829, 12.0
7.185929648241206, -2.744530213683933, 12.0
7.236180904522613, -2.7218675105786145, 12.0
7.28643216080402, -2.7021939672837165, 12.0
7.336683417085427, -2.6855547573700136, 12.0
7.386934673366834, -2.671990651911444, 12.0
7.437185929648241, -2.6615341498052554, 12.0
7.4874371859296485, -2.654210900608817, 12.0
7.5376884422110555, -2.650042359653895, 12.0
7.5879396984924625, -2.6490427971778496, 12.0
7.63819095477387, -2.651220211077817, 12.0
7.688442211055277, -2.6565776442338556, 12.0
7.738693467336684, -2.665107246722161, 12.0
7.788944723618091, -2.676800201451131, 12.0
7.839195979899498, -2.691639077384094, 12.0
7.889447236180905, -2.709599341022559, 12.0
7.939698492462312, -2.730652758240272, 12.0
7.989949748743719, -2.7547623944045205, 12.0
8.040201005025127, -2.7818880024253265, 12.0
8.090452261306533, -2.811981611129884, 12.0
8.14070351758794, -2.8449897305516147, 12.0
8.190954773869347, -2.8808533165712564, 12.0
8.241206030150755, -2.9195092806002205, 12.0
8.291457286432161, -2.960886284236656, 12.0
8.341708542713569, -3.004911532770061, 12.0
8.391959798994975, -3.0515034452819405, 12.0
8.442211055276383, -3.100578437766563, 12.0
8.492462311557789, -3.152044753957857, 12.0
8.542713567839197, -3.2058115491495913, 12.0
8.592964824120603, -3.261779073315267, 12.0
8.643216080402011, -3.3198444579897504, 12.0
8.693467336683417, -3.3799019959425776, 12.0
8.743718592964825, -3.4418415065006474, 12.0
8.793969849246231, -3.50554920668489, 12.0
8.84422110552764, -3.5709089585504414, 12.0
8.894472361809045, -3.6377995562157337, 12.0
8.944723618090453, -3.706099853622681, 12.0
8.99497487437186, -3.7756835414919037, 12.0
9.045226130653267, -3.846423144660842, 12.0
9.095477386934673, -3.9181873180295472, 12.0
9.145728643216081, -3.990846682354623, 12.0
9.195979899497488, -4.064265593783285, 12.0
9.246231155778895, -4.138309681817985, 12.0
9.296482412060302, -4.212841081891685, 12.0
9.34673366834171, -4.287724373212422, 12.0
9.396984924623116, -4.362820653712658, 12.0
9.447236180904524, -4.437990176609311, 12.0
9.49748743718593, -4.51309542217632, 12.0
9.547738693467338, -4.587994358432475, 12.0
9.597989949748744, -4.662549896695175, 12.0
9.648241206030152, -4.73662135309698, 12.0
9.698492462311558, -4.810070406172292, 12.0
9.748743718592966, -4.882759135184758, 12.0
9.798994974874372, -4.95455031581639, 12.0
9.84924623115578, -5.025307221217232, 12.0
9.899497487437186, -5.0948958541249905, 12.0
9.949748743718594, -5.163182213373726, 12.0
10.0, -5.230035169331229, 12.0
